0.30934 0.30944 0.30953 0.30957 0.30962 0.30955 0.30965 0.30981 0.30934 0.31001 0.31007 0.30934 0.30934 0.30934 0.30934 0.30934 0.30934 0.30934 0.30934 0.37081 0.35256 0.40009 0.37258 2.2743 0.34996 0.34468 0.34449 0.34424 0.34384 0.3432 0.34224 0.34086 0.33892 0.33628 0.33283 0.3289 0.32547 0.32311 0.32195 0.32252 0.33225 0.37936
0.24703 0.30895 0.30943 0.30946 0.30916 0.30953 0.30955 0.30955 0.30975 0.3098 0.30985 0.30999 0.3404 0.24703 0.3713 0.35498 0.24703 0.24703 0.24703 0.37006 0.35616 0.5864 0.37258 2.3088 0.35614 0.34476 0.34449 0.34424 0.34384 0.3432 0.34224 0.34086 0.33892 0.33628 0.33283 0.3289 0.32547 0.32311 0.32194 0.32252 0.33224 0.3793
0.19727 0.19727 0.19727 0.28892 0.3079 0.30802 0.30824 0.30951 0.3096 0.30954 0.30962 0.30979 0.3428 0.3418 0.19727 0.36597 0.34074 0.19727 0.19727 0.37068 0.35533 0.3643 0.37248 1.4565 0.3686 0.34489 0.34452 0.34425 0.34384 0.3432 0.34224 0.34086 0.33892 0.33628 0.33283 0.3289 0.32547 0.32311 0.32194 0.3225 0.33217 0.37931
0.19421 0.2153 0.23499 0.2411 0.24674 0.29088 0.29167 0.29454 0.30758 0.30751 0.30852 0.30991 0.3399 0.34151 0.34019 0.36596 0.35465 0.35542 0.19421 0.37224 0.35535 1.5027 0.372 1.5293 0.40988 0.34522 0.34463 0.34427 0.34384 0.34321 0.34225 0.34086 0.33892 0.33628 0.33283 0.3289 0.32547 0.32311 0.32194 0.32251 0.33218 0.37931
0.19118 0.21228 0.23215 0.23856 0.2443 0.25022 0.25375 0.26551 0.2963 0.29742 0.2983 0.30775 0.5119 0.33989 0.33995 0.34007 0.34009 0.34034 0.38566 0.19118 0.35499 0.3885 0.37093 3.4838 0.19118 0.34559 0.34464 0.34438 0.34387 0.34321 0.34225 0.34086 0.33892 0.33628 0.33283 0.3289 0.32547 0.32311 0.32194 0.32251 0.33219 0.37923
0.18801 0.20927 0.22942 0.23574 0.2416 0.24765 0.25125 0.26348 0.27229 0.27633 0.27931 0.29995 0.36805 0.39092 0.57039 1.1871 0.4469 0.34007 0.35074 0.37189 0.35489 0.38553 0.37193 2.1874 0.72221 0.34603 0.34468 0.34439 0.34397 0.34323 0.34225 0.34086 0.33892 0.33628 0.33283 0.3289 0.32548 0.32311 0.32194 0.32251 0.3322 0.37925
0.18478 0.20619 0.22652 0.23297 0.23895 0.24511 0.24881 0.26117 0.27025 0.27455 0.2777 0.28483 0.35457 0.39003 0.39823 3.444 0.44559 4.8113 1.3095 0.34102 0.35475 0.36227 0.36852 2.34 1.1677 0.34642 0.34467 0.34441 0.34398 0.34334 0.34227 0.34086 0.33892 0.33628 0.33283 0.3289 0.32548 0.32311 0.32194 0.32251 0.33219 0.37924
0.18106 0.20275 0.22352 0.23006 0.18106 0.24255 0.24633 0.25911 0.26834 0.27256 0.27583 0.28345 0.33904 0.41311 0.39131 0.69532 0.5194 3.4493 0.81051 6.6151 0.4916 0.34307 0.34714 2.4645 1.8807 0.34643 0.34451 0.34435 0.34401 0.34335 0.34238 0.34088 0.33893 0.33628 0.33283 0.3289 0.32547 0.32311 0.32194 0.32251 0.3322 0.37925
0.17741 0.19907 0.22009 0.22678 0.23304 0.23954 0.24347 0.25662 0.2664 0.27081 0.27423 0.28195 1.0092 1.5701 3.2096 1.8944 5.6029 4.2915 0.74047 3.7317 0.71751 0.35458 0.3478 0.34708 2.0197 0.34878 0.34336 0.34413 0.34393 0.34337 0.34239 0.34099 0.33895 0.33629 0.33283 0.3289 0.32547 0.32311 0.32194 0.32251 0.3322 0.37928
0.17336 0.19513 0.21642 0.22323 0.22962 0.23628 0.2403 0.25386 0.26404 0.26861 0.27221 0.28032 1.5408 3.0972 7.2587 9.7642 0.97697 2.9265 5.3826 6.5445 2.5625 0.35517 0.36248 1.5089 0.34339 0.35808 0.34249 0.34279 0.34371 0.34328 0.34242 0.341 0.33905 0.33631 0.33284 0.3289 0.32548 0.32311 0.32194 0.32251 0.3322 0.37925
0.16904 0.19089 0.21243 0.21937 0.2259 0.23272 0.23684 0.25085 0.2614 0.26619 0.26993 0.27848 1.7453 3.884 5.7517 7.7276 10.219 2.3874 3.6227 6.9467 3.9521 0.37581 0.36204 0.9681 3.6449 0.34144 0.34211 0.3417 0.34229 0.34307 0.3423 0.34103 0.33907 0.33642 0.33286 0.3289 0.32548 0.32311 0.32194 0.32251 0.3322 0.37927
0.1644 0.18631 0.2081 0.21516 0.22182 0.22881 0.23305 0.24751 0.25848 0.26348 0.26741 0.2764 2.1291 3.1447 5.7917 7.3168 9.8765 3.0756 3.7111 7.8732 2.8127 0.53658 0.36586 0.7042 3.7877 0.44307 0.34109 0.34096 0.34121 0.34159 0.3421 0.3409 0.33909 0.33643 0.33296 0.32892 0.3255 0.32311 0.32194 0.32251 0.3322 0.37927
0.1594 0.18134 0.20336 0.21055 0.21734 0.2245 0.22885 0.24379 0.2552 0.26044 0.26456 0.27404 2.0773 2.6889 4.4891 7.5938 9.1483 4.1871 3.4576 7.5899 3.6737 0.63186 0.36768 0.57124 3.6815 0.63131 0.3423 0.34048 0.34043 0.34052 0.34057 0.34069 0.33895 0.33645 0.33298 0.32903 0.3255 0.32314 0.32195 0.32251 0.3322 0.37926
0.15398 0.17593 0.19816 0.20546 0.21239 0.21972 0.22419 0.23962 0.25151 0.257 0.26133 0.27135 1.8443 2.8204 3.3664 5.6617 8.5582 5.6455 3.7227 6.7864 3.621 0.79971 0.38409 0.55793 3.4952 1.0115 0.34327 0.34018 0.33988 0.33975 0.33952 0.33912 0.33865 0.3363 0.333 0.32904 0.3256 0.32314 0.32197 0.32251 0.3322 0.37926
0.14811 0.14811 0.19241 0.19982 0.20688 0.21438 0.21898 0.23492 0.24732 0.25307 0.25763 0.26824 1.8191 3.6529 3.8783 4.0064 8.2585 8.2078 4.1515 6.3931 4.2406 1.0805 0.41611 0.4947 3.4084 1.6248 0.34672 0.34033 0.33951 0.33919 0.33878 0.3381 0.33712 0.3359 0.33283 0.32907 0.32562 0.32324 0.32197 0.32251 0.3322 0.37926
0.14177 0.14177 0.18609 0.19358 0.20074 0.2084 0.21311 0.22958 0.24252 0.24856 0.25337 0.26464 1.5089 5.0794 5.0342 5.3785 6.4568 10.423 4.3039 6.3248 5.7166 1.5452 0.47659 0.45526 3.1111 2.2329 0.35928 0.34064 0.3393 0.33879 0.33823 0.33738 0.33612 0.33443 0.33235 0.32888 0.32565 0.32326 0.32207 0.32251 0.3322 0.37926
0.13487 0.15648 0.13487 0.18672 0.19397 0.20171 0.2065 0.22348 0.23699 0.24335 0.24843 0.26041 1.2967 6.4826 6.5838 6.6385 6.5087 11.51 4.7592 6.6336 7.2817 2.619 0.58783 0.43939 2.613 2.6626 0.39906 0.3412 0.33924 0.33852 0.33783 0.33686 0.33541 0.33346 0.33093 0.32832 0.32545 0.32328 0.32209 0.32254 0.3322 0.37926
0.12734 0.14866 0.17124 0.1789 0.12734 0.19431 0.19916 0.2165 0.23059 0.23727 0.24264 0.25542 1.4818 6.1744 9.2265 8.9877 8.4154 12.062 5.6465 7.558 8.0878 4.1459 0.76323 0.4518 1.7491 2.9535 0.50208 0.34239 0.33926 0.33834 0.33754 0.33648 0.3349 0.33277 0.32999 0.32696 0.32481 0.32308 0.32211 0.32264 0.3322 0.37926
0.11918 0.14005 0.1625 0.17018 0.11918 0.18591 0.19089 0.20856 0.22313 0.23016 0.23584 0.24949 2.4806 4.7264 9.2194 11.212 10.565 10.689 7.9712 8.9601 8.4273 4.7271 1.079 0.50261 1.1117 3.1267 0.7434 0.34448 0.33978 0.33817 0.33733 0.33622 0.33453 0.33225 0.32931 0.32605 0.3235 0.32236 0.3219 0.32265 0.3322 0.37926
0.11043 0.13064 0.15292 0.16094 0.16838 0.17647 0.1815 0.19956 0.21454 0.22186 0.22783 0.24241 4.7004 5.7836 0.11043 11.02 12.248 11.314 11.327 10.406 8.3052 5.5087 1.7173 0.61757 0.84333 3.3712 1.179 0.35083 0.34051 0.33835 0.33737 0.33604 0.33429 0.33189 0.32882 0.32539 0.32261 0.32109 0.3211 0.32268 0.33222 0.37926
0.1011 0.12138 0.14283 0.15033 0.1577 0.16575 0.17082 0.18926 0.20465 0.21229 0.21857 0.23391 5.9552 9.6936 9.929 11.195 13.344 11.53 15.144 12.192 8.9845 7.1336 3.0408 0.85192 0.78983 3.495 1.697 0.37345 0.34166 0.33863 0.33658 0.33592 0.33414 0.33163 0.32846 0.32491 0.32197 0.32023 0.31987 0.3225 0.33233 0.37926
0.092556 0.11073 0.13119 0.13846 0.14566 0.1536 0.15926 0.092556 0.19393 0.20156 0.20793 0.22393 8.9294 13.043 13.251 13.561 14.831 14.117 18.187 14.696 10.554 8.9829 5.244 1.3459 0.87882 3.3671 2.17 0.44013 0.34352 0.33914 0.33717 0.33535 0.33405 0.33145 0.32819 0.32456 0.32151 0.3196 0.31903 0.322 0.33234 0.37926
0.084281 0.10153 0.12073 0.12762 0.13462 0.14225 0.14712 0.16526 0.18098 0.18888 0.19548 0.084281 14.472 17.023 17.453 17.685 18.395 18.443 20.539 17.723 12.522 9.7555 6.332 2.4751 1.2432 3.1125 2.6409 0.60843 0.34837 0.33999 0.33735 0.33582 0.33369 0.33134 0.328 0.3243 0.32116 0.31915 0.31842 0.32064 0.33236 0.37927
0.07739 0.092482 0.10995 0.1163 0.12265 0.13105 0.13576 0.15337 0.16872 0.17668 0.18315 0.19984 20.002 21.064 21.43 21.541 21.828 21.741 21.285 21.05 15.049 10.183 7.6339 4.7627 3.2469 2.7861 3.1878 0.956 0.36329 0.34223 0.33766 0.33585 0.33416 0.33111 0.32786 0.3241 0.32091 0.31882 0.31797 0.31974 0.33232 0.37929
0.072175 0.085613 0.10131 0.10706 0.11284 0.11935 0.12355 0.13969 0.1543 0.16189 0.16838 0.18642 23.313 23.616 23.889 23.952 24.006 24.111 22.794 24.764 19.393 13.729 12.961 9.3586 7.6087 4.5025 3.8199 1.5109 0.41142 0.34718 0.33893 0.33592 0.33439 0.33141 0.32732 0.32396 0.32072 0.31857 0.31765 0.31909 0.3321 0.37941
0.069313 0.081037 0.094844 0.099932 0.10507 0.11088 0.11465 0.12919 0.14272 0.14978 0.15584 0.17192 28.448 28.731 29.149 29.41 29.679 30.656 30.257 33.067 30.223 24.897 19.903 18.279 13.977 8.4875 4.85 2.1592 0.55355 0.36029 0.34179 0.33675 0.33467 0.33161 0.32778 0.3234 0.32057 0.31838 0.31741 0.31861 0.33087 0.37942
0.069885 0.079745 0.091496 0.095772 0.1003 0.10533 0.10861 0.12135 0.13324 0.13955 0.145 0.15969 40.617 40.793 41.078 41.353 41.674 42.442 42.039 43.235 42.187 36.958 31.148 27.761 21.89 13.694 6.5587 3.0818 0.88139 0.39953 0.34913 0.33862 0.33576 0.33196 0.32786 0.32379 0.31992 0.31824 0.31722 0.31826 0.32976 0.37945
0.075933 0.083401 0.092733 0.096264 0.099876 0.10401 0.10672 0.11738 0.12752 0.13288 0.13763 0.15051 52.543 52.588 52.633 52.75 52.934 53.372 52.679 51.783 51.67 46.581 40.527 36.189 29.036 19.596 9.6214 4.3711 1.5098 0.50939 0.36946 0.34341 0.33793 0.33348 0.32802 0.32377 0.32038 0.3176 0.31708 0.31801 0.32897 0.37935
0.091406 0.095245 0.10112 0.10353 0.10609 0.10909 0.11107 0.11915 0.12707 0.1314 0.13521 0.14578 62.269 62.063 61.852 61.752 61.694 61.446 60.339 58.07 57.312 52.781 46.976 40.086 34.277 24.945 13.898 6.1521 2.4422 0.78386 0.42482 0.35603 0.34254 0.33648 0.3291 0.32376 0.32033 0.31805 0.31645 0.31782 0.32841 0.37911
0.12556 0.12226 0.12203 0.1226 0.12344 0.12465 0.12557 0.12991 0.13482 0.13768 0.1403 0.14789 70.323 69.847 69.421 69.141 68.797 67.936 66.421 63.52 60.942 56.622 51.367 44.778 38.524 29.438 18.396 8.6954 3.7056 1.331 0.56169 0.38886 0.35268 0.34289 0.33144 0.32442 0.32024 0.31799 0.31686 0.31768 0.32799 0.37748
0.19594 0.17911 0.16697 0.16405 0.1617 0.15967 0.15865 0.15654 0.15654 0.15712 0.15788 0.16101 74.246 73.52 73.084 72.757 72.316 71.014 69.552 67.127 63.981 59.689 54.618 48.46 42.364 33.211 22.47 11.956 5.3711 2.1746 0.85031 0.46617 0.37556 0.35566 0.33726 0.3261 0.32074 0.31792 0.31688 0.31716 0.3277 0.3763
0.32242 0.28518 0.25483 0.24619 0.2385 0.23098 0.22664 0.21325 0.20465 0.20124 0.19883 0.19396 74.278 75.285 74.811 74.697 74.338 73.241 71.519 69.71 66.627 61.929 57.757 52.367 45.598 37.168 26.513 15.565 7.5214 3.308 1.3452 0.62462 0.42419 0.37864 0.35012 0.33008 0.32204 0.31841 0.31687 0.3176 0.32751 0.37546
0.52472 0.4591 0.40351 0.38701 0.37204 0.35683 0.34784 0.31832 0.29691 0.28741 0.28008 0.26365 85.992 85.111 84.812 84.512 83.958 79.345 77.493 75.771 73.907 69.195 63.632 56.005 49.464 41.052 30.509 19.3 10.195 4.7401 2.0401 0.89809 0.51915 0.41943 0.37539 0.33952 0.3251 0.31971 0.31757 0.31774 0.32732 0.37487
0.84602 0.74108 0.65035 0.62302 0.59845 0.57293 0.5578 0.50735 0.46937 0.45196 0.43821 0.406 68.448 69.333 69.665 70.22 70.679 72.481 73.917 74.693 74.366 72.573 69.625 63.173 56.267 46.639 35.839 23.482 13.296 6.5336 2.924 1.2975 0.68296 0.49142 0.41877 0.35986 0.33229 0.32269 0.31917 0.31811 0.32749 0.37447
1.2625 1.101 0.94891 0.9074 0.86905 0.82956 0.81979 0.74073 0.68095 0.65345 0.63133 0.57901 82.117 82.093 81.952 81.948 82.12 82.755 83.852 84.711 84.654 83.358 80.434 74.926 66.373 56.931 44.488 30.603 17.666 8.9428 4.0851 1.8465 0.94107 0.61471 0.48739 0.39811 0.34784 0.3295 0.32287 0.3197 0.32792 0.37427
1.8346 1.5953 1.3913 1.3275 1.2698 1.2114 1.1766 1.0588 0.96963 0.92779 0.89451 0.81529 111.82 112.25 112.45 113.11 112.54 113 113.32 112.78 111.37 108.76 104.5 97.96 88.509 75.657 59.402 41.726 25.111 12.849 5.8658 2.653 1.3433 0.82018 0.59659 0.46053 0.37837 0.344 0.33113 0.32343 0.32919 0.37435
2.6226 2.2753 1.9757 1.8855 1.8027 1.7178 1.6696 1.4958 1.3658 1.305 1.2567 1.1406 181.35 180.01 179.71 179.33 179.16 178.43 177.39 176.54 173.46 169.52 163.25 153.34 138.71 118.22 92.151 63.608 38.037 19.627 9.0136 4.0708 2.0146 1.1509 0.76334 0.55222 0.43075 0.37269 0.34854 0.33175 0.33224 0.37485
3.7094 3.2138 2.7866 2.6578 2.5397 2.4184 2.3458 2.1013 1.9146 1.8278 1.7584 1.5924 330.19 328.79 328.82 328.06 326.44 323.69 320.78 315.27 309.09 300.83 289.29 272.35 247.16 211.05 163.88 111.53 65.194 33.007 15.075 6.7419 3.2224 1.7107 1.0173 0.68144 0.51096 0.4246 0.3834 0.35006 0.33939 0.37685
5.2125 4.5132 3.9105 3.7288 3.562 3.3908 3.2884 2.943 2.6795 2.5569 2.4589 2.2238 518.69 516.88 516.12 515.51 514.63 511.82 508.25 503.62 497.46 488.78 475.66 454.38 419.51 365.06 288.87 199.45 117.18 59.218 26.941 11.864 5.4229 2.6542 1.4248 0.87962 0.63374 0.51375 0.45086 0.38957 0.35643 0.38165
7.2985 6.3197 5.4757 5.2213 4.9879 4.748 4.6045 4.1207 3.7516 3.5797 3.4423 3.1134 546.14 544.14 543.31 542.65 541.69 538.64 534.79 529.82 523.25 514.25 501.56 483.03 455.41 414.4 355.45 276.34 184.34 102.18 48.608 21.396 9.4346 4.3581 2.1754 1.251 0.85977 0.67909 0.58337 0.4747 0.39478 0.39318
