0.33977 0.33988 0.33998 0.34003 0.34121 0.34114 0.34125 0.34142 0.33977 0.34164 0.34171 0.33977 0.33977 0.33977 0.33977 0.33977 0.33977 0.33977 0.33977 0.75484 0.61824 0.34827 0.34644 0.34651 0.34612 0.34595 0.34581 0.34573 0.3457 0.34571 0.34577 0.34587 0.34601 0.34621 0.34649 0.34686 0.34737 0.34807 0.34902 0.35285 0.37018 0.45225
0.27429 0.33936 0.33987 0.3399 0.34071 0.34111 0.34114 0.34113 0.34135 0.34141 0.34147 0.34162 0.34817 0.27429 0.77762 0.62579 0.27429 0.27429 0.27429 0.80739 0.70691 0.34895 0.34647 0.34685 0.34612 0.34597 0.34582 0.34573 0.3457 0.34571 0.34577 0.34587 0.34601 0.34621 0.34649 0.34686 0.34738 0.34807 0.34901 0.35285 0.37017 0.45217
0.22143 0.22143 0.22143 0.34447 0.38031 5.2661 2.7881 0.34109 0.34119 0.34112 0.34121 0.3414 0.93667 0.38045 0.22143 0.78396 0.34642 0.22143 0.22143 2.411 0.85016 0.34763 0.34652 0.34754 0.34623 0.34597 0.34584 0.34573 0.3457 0.34571 0.34577 0.34587 0.34601 0.34621 0.34649 0.34686 0.34738 0.34807 0.34902 0.35283 0.37009 0.45219
0.21753 0.24355 0.27398 0.28659 0.32327 1.3252 14.025 71.963 0.97144 53.134 0.83616 0.34153 0.34139 0.38002 0.34604 0.78389 0.62425 0.49279 0.21753 0.53541 10.739 0.38864 0.3463 0.34766 0.34625 0.34609 0.34595 0.34576 0.3457 0.34571 0.34577 0.34587 0.34601 0.34621 0.34649 0.34686 0.34738 0.34807 0.34901 0.35284 0.3701 0.45219
0.21622 0.23947 0.26891 0.28228 36.736 0.40555 3.7387 19.948 18.333 21.717 8.4406 10.229 1.039 0.34137 0.34144 0.3461 0.34608 0.34626 0.53203 0.21622 2.3246 0.42343 0.34538 0.34973 0.21622 0.34611 0.34596 0.34586 0.34572 0.34572 0.34577 0.34587 0.34601 0.34621 0.34649 0.34686 0.34738 0.34807 0.34901 0.35284 0.3701 0.45209
0.28984 0.2377 0.2665 0.30339 170.4 28.613 1.2266 41.552 0.8194 3.9754 62.315 16.419 1.2179 1.2399 1.319 1.3111 1.3685 0.34605 0.34627 0.48698 0.76855 0.52369 0.34426 0.34868 0.34601 0.34609 0.34598 0.34587 0.34583 0.34574 0.34577 0.34587 0.34601 0.34621 0.34649 0.34686 0.34738 0.34807 0.34901 0.35284 0.37012 0.45212
0.76655 0.82281 0.43787 0.45893 7.1277 265.45 46.857 31.734 4.6089 25.37 15.06 18.904 1.7481 1.2076 1.2356 1.2728 1.2853 1.9275 21.667 0.34597 0.72539 1.511 0.34359 0.3476 0.34492 0.34585 0.34594 0.34589 0.34584 0.34585 0.3458 0.34587 0.34601 0.34621 0.34649 0.34686 0.34738 0.34807 0.34901 0.35284 0.37011 0.4521
0.75555 0.81226 0.85687 0.91061 0.75555 3.5468 3.6075 5.2987 4.4577 4.3059 3.2372 2.5513 2.2121 1.2359 1.3243 1.3438 1.3934 1.7173 15.142 23.782 0.40232 0.37654 0.34324 0.3469 0.34399 0.34462 0.3457 0.34584 0.34586 0.34586 0.3459 0.34589 0.34602 0.34621 0.34649 0.34686 0.34738 0.34807 0.34901 0.35284 0.37012 0.45211
0.7447 0.8253 0.84256 0.87919 3.4941 3.5246 3.5851 5.0679 6.3922 5.4251 7.4229 7.275 5.1297 1.3616 1.9375 2.1445 1.2866 1.4036 11.421 23.113 6.8481 0.4149 0.34243 0.34249 0.34462 0.34345 0.34441 0.34561 0.34579 0.34588 0.34592 0.346 0.34604 0.34622 0.34649 0.34686 0.34738 0.34807 0.34901 0.35284 0.37012 0.45214
0.74226 0.8159 0.83841 0.85811 3.4951 3.5435 3.5924 4.475 8.7772 6.0648 6.4471 9.4191 5.9023 3.4863 3.0401 2.8054 2.4999 1.3603 9.0602 21.311 11.284 0.47833 0.34308 0.34368 0.34225 0.34263 0.34326 0.34425 0.34557 0.34579 0.34594 0.34602 0.34615 0.34624 0.3465 0.34686 0.34738 0.34807 0.34901 0.35284 0.37012 0.45212
0.74245 0.79244 0.84187 0.85493 3.5161 3.563 3.6206 4.1076 7.7282 8.3678 6.9986 11.997 6.2682 3.9394 3.2405 2.9468 2.7862 2.5758 10.463 20.26 14.897 0.63525 0.34383 0.34372 0.34401 0.34203 0.34245 0.34313 0.34414 0.34557 0.34583 0.34604 0.34616 0.34635 0.34652 0.34687 0.34738 0.34807 0.34901 0.35284 0.37012 0.45214
0.74631 0.78612 0.86646 0.8583 3.504 3.5843 3.636 3.8908 6.819 10.874 9.079 12.644 6.8371 4.7105 3.7682 3.2686 2.8866 2.6101 9.422 20.936 14.063 1.0486 0.34647 0.34358 0.34487 0.34161 0.34186 0.34232 0.34304 0.34408 0.34562 0.34591 0.34619 0.34637 0.34663 0.34689 0.3474 0.34807 0.34901 0.35284 0.37012 0.45213
0.75671 0.79125 0.87855 0.87136 3.4936 3.5615 3.6542 3.9132 5.7754 9.9671 12.488 12.777 8.3534 5.5467 4.3976 3.675 3.107 2.5451 6.7525 19.704 15.702 1.945 0.35771 0.34381 0.34648 0.3414 0.34141 0.34173 0.34225 0.34301 0.34407 0.3457 0.34604 0.34639 0.34664 0.347 0.34741 0.3481 0.34902 0.35284 0.37012 0.45213
0.78195 0.81356 0.91143 0.90162 3.499 3.5408 3.6279 4.1463 4.9467 7.7952 13.908 11.683 11.863 6.3928 5.2374 4.3265 3.4581 2.6053 4.899 17.898 16.925 3.7006 0.39131 0.34462 0.34826 0.34162 0.34111 0.3413 0.34167 0.34223 0.34301 0.3441 0.34573 0.34623 0.34667 0.34702 0.34752 0.3481 0.34904 0.35284 0.37012 0.45213
0.81952 0.81952 0.95262 0.96175 3.5662 3.5473 3.594 4.2932 4.4257 6.1238 10.314 11.739 17.444 7.3149 6.4193 5.3737 4.1593 2.7899 3.9681 16.109 17.769 6.1516 0.46338 0.34524 0.3516 0.34322 0.34091 0.34099 0.34125 0.34167 0.34225 0.34306 0.34417 0.34582 0.34649 0.34704 0.34753 0.34821 0.34904 0.35284 0.37012 0.45213
0.87701 0.87701 1.0019 1.0412 3.7515 3.6464 3.6272 4.3772 4.5594 5.2362 7.5146 16.033 22.906 8.7678 8.9599 7.6297 5.6701 3.1424 3.6104 14.677 18.269 8.7581 0.6089 0.34676 0.35399 0.34728 0.34075 0.34077 0.34095 0.34125 0.3417 0.34231 0.34315 0.34431 0.34599 0.34685 0.34756 0.34823 0.34915 0.35285 0.37012 0.45213
0.96996 1.0062 0.96996 1.1545 4.1501 3.9583 3.8584 4.3768 6.1188 5.7464 6.9651 23.284 23.725 11.246 10.53 10.328 8.0857 4.2455 3.8128 14.286 18.72 11.165 0.9237 0.35258 0.35596 0.35247 0.34095 0.34054 0.34072 0.34096 0.3413 0.34177 0.34242 0.34331 0.34452 0.34626 0.34735 0.34825 0.34917 0.35287 0.37012 0.45213
1.1193 1.1593 1.1835 1.2357 1.1193 4.9161 4.7747 4.6691 7.2277 7.3999 7.3734 21.358 20.03 17.026 12.232 12.776 12.115 6.6757 4.7865 13.187 19.603 13.47 1.7138 0.37275 0.35804 0.35928 0.34133 0.34062 0.34046 0.34074 0.341 0.34138 0.34189 0.3426 0.34354 0.34482 0.34667 0.34803 0.3492 0.35298 0.37012 0.45213
1.3477 1.3909 1.4222 1.4569 1.3477 6.2471 6.3418 5.9762 7.4852 9.3748 8.6797 15.148 18.39 26.486 18.824 16.403 16.573 11.621 7.1818 12.8 21.534 15.842 3.3968 0.43092 0.36112 0.36771 0.34295 0.34072 0.34052 0.34048 0.3408 0.3411 0.34151 0.34207 0.34283 0.34386 0.34527 0.34726 0.34897 0.353 0.37012 0.45213
1.7448 1.7844 1.9599 2.2485 7.9731 7.8722 7.8159 7.3981 8.0472 9.8136 11.364 12.291 26.321 37.699 1.7448 25.622 23.294 19.189 12.207 14.429 24.913 18.809 6.108 0.5744 0.3688 0.37816 0.34936 0.34113 0.34058 0.34052 0.34085 0.34091 0.34125 0.34171 0.34233 0.34317 0.34433 0.3459 0.34811 0.35303 0.37015 0.45213
2.4557 3.311 3.3901 3.4134 9.3181 9.1796 9.1919 9.388 9.7293 11.529 14.322 14.754 47.766 49.874 47.986 41.662 34.253 27.657 19.469 19.692 27.442 23.222 9.8009 0.93476 0.39077 0.39156 0.36308 0.34211 0.34085 0.34063 0.34011 0.34083 0.34109 0.34147 0.34199 0.34269 0.34366 0.34498 0.34678 0.35284 0.37026 0.45213
3.4563 3.7859 4.1301 4.2391 13.347 13.233 15.148 3.4563 18.875 19.856 22.145 26.473 63.066 58.489 67.72 63.065 51.841 36.759 28.778 28.164 33.564 29.215 14.742 1.9407 0.45926 0.41039 0.38491 0.34464 0.34156 0.341 0.34086 0.3404 0.34107 0.34136 0.34179 0.34238 0.34321 0.34434 0.34589 0.3523 0.37027 0.45213
7.7699 9.4043 10.129 10.457 26.61 26.542 26.566 27.698 29.12 30.66 33.091 7.7699 67.669 72.651 82.051 86.185 79.107 52.115 42.161 39.322 40.88 36.359 20.003 4.4101 0.65839 0.44946 0.41602 0.35294 0.34409 0.34202 0.34153 0.34135 0.34096 0.34148 0.34178 0.34225 0.34294 0.34392 0.34528 0.35084 0.3703 0.45214
21.277 21.329 21.305 21.3 41.664 45.189 45.547 47.072 48.696 50.807 52.918 64.627 78.148 102.77 97.941 104.01 108.61 77.128 62.678 53.957 48.871 40.969 26.815 8.9585 1.242 0.55096 0.46811 0.37873 0.35041 0.34536 0.3433 0.34263 0.34224 0.34184 0.34213 0.34241 0.34294 0.34375 0.34492 0.3499 0.37028 0.45217
30.513 30.586 30.136 30.054 65.962 65.57 65.341 65.258 66.521 68.091 70.618 87.513 100.81 147.91 132.61 130.17 136.09 112.38 86.85 71.153 58.401 49.335 35.313 15.561 2.8499 0.83429 0.57206 0.43989 0.36654 0.35367 0.34855 0.34593 0.34468 0.34382 0.34285 0.3432 0.34341 0.34396 0.3449 0.34933 0.37006 0.45232
45.301 45.15 44.779 44.636 160.39 159.61 159.14 157.47 157.95 159.02 160.92 172.73 195.9 229.38 232.85 220.2 212.96 180.22 119.8 91.841 71.045 58.795 42.305 24.048 6.7732 1.643 0.82272 0.56446 0.40907 0.37452 0.36158 0.35497 0.35087 0.34838 0.34662 0.34502 0.34498 0.34498 0.3455 0.34918 0.36878 0.45235
62.512 62.228 61.719 61.693 390.21 389.83 389.58 388.93 388.31 385.81 389.19 394.63 398.28 386.23 392.88 387.89 365.86 308.19 192.48 126.94 91.631 71.762 54.955 34.939 13.997 3.854 1.4789 0.83576 0.52131 0.42556 0.39327 0.377 0.36694 0.35978 0.35501 0.35155 0.34864 0.34794 0.34749 0.34974 0.36779 0.45243
78.313 77.269 76.85 76.68 538.67 538.81 539.09 539.76 540.46 540.98 541.62 545.48 544.31 503.26 497.74 495.06 483.77 408.19 289.56 181.55 125.34 92.735 71.011 48.912 24.845 9.1909 3.2895 1.5214 0.8209 0.55131 0.46945 0.42955 0.40525 0.38827 0.37554 0.36664 0.36013 0.35503 0.35288 0.35186 0.3675 0.45242
91.697 91.23 91.137 90.905 577.85 578.09 578.12 579.27 580.48 581.18 581.84 585.28 591.53 572.96 551.07 543.49 536.22 472.48 383.21 255.22 190.29 124.79 92.834 63.573 40.009 19.237 7.788 3.3239 1.6099 0.8693 0.65388 0.55416 0.49542 0.45501 0.42521 0.4028 0.38669 0.37486 0.36589 0.3577 0.36838 0.45246
99.523 100.31 100.01 100 544.53 543.8 540.95 543.81 549.06 549.61 550.14 551.4 559.43 559.69 556.74 551.28 537.64 510.2 434.56 329.68 233.92 168.04 124.97 88.251 60.819 35.649 17.705 7.8409 3.6466 1.7106 1.1049 0.85309 0.70808 0.61135 0.54087 0.48831 0.44919 0.42068 0.39964 0.37257 0.37176 0.45129
97.225 97.459 104.58 105.88 534.25 532.88 533.18 531.93 530.84 530.25 529.12 527.14 516.37 492.37 480.02 470.2 456.56 484.64 448.18 380.82 294.48 222.65 164.54 120.37 88.925 59.883 35.341 17.699 8.5975 3.941 2.2097 1.5804 1.222 0.98546 0.81548 0.68995 0.59679 0.52798 0.47794 0.40803 0.38109 0.45186
114.34 108.61 108.63 108.66 537.07 536.8 536.6 535.64 532.19 734.54 530.52 525.33 443.7 493.22 478.54 479.61 470.79 446.98 420.77 387.65 369.31 283.54 220.92 169.84 124.24 91.005 60.848 35.699 19.906 9.7509 5.0266 3.3797 2.4942 1.9084 1.4893 1.1801 0.95238 0.78487 0.66264 0.49437 0.40458 0.45587
108.34 108.36 108.62 111.69 319.22 546.64 546.09 544.59 542.92 544.79 540.01 537.65 533.18 522.44 517.95 513.16 507.04 485.72 439.48 423.99 401.03 329.64 284.58 237.5 182.04 134.16 95.64 64.421 39.988 23.101 12.308 7.8744 5.6899 4.2346 3.1881 2.4124 1.8397 1.421 1.1159 0.69844 0.46108 0.46775
101.37 114.67 105.6 100.64 647.63 646.73 646.13 643.62 640.94 639.35 638.05 634.4 630.65 625.84 623.78 623.21 619.86 611 593.85 566.84 524.55 462.8 384.18 304.48 238.07 184.82 138.73 104.25 73.371 49.482 30.055 19.114 13.635 10.073 7.4792 5.5391 4.0936 3.0301 2.2575 1.1992 0.59641 0.49829
119.34 119.24 129.39 132.3 1518.4 1516.1 1503 1498.5 1493.8 1491.1 1488.8 1482.6 1470 1453.8 1445.8 1439.1 1428.5 1388.5 1327.4 1236.9 1107.7 937.59 738.82 543.87 384.72 273.25 205.45 162.51 127.67 96.589 69.232 47.165 33.463 24.687 18.293 13.474 9.8443 7.1496 5.179 2.4726 0.9249 0.57279
173.55 173.26 188.66 173.36 3373.3 3368.9 3365.9 3353.3 3339.9 3332.1 3325 3304.2 3266.6 3215.9 3192.9 3175.7 3146.2 3049.8 2913.9 2715.4 2432.2 2046.3 1574.5 1090.3 697.63 454.93 328.54 261.05 216.71 177.3 138.67 108.45 81.511 61.117 45.571 33.669 24.551 17.724 12.699 5.7548 1.7517 0.75226
295.52 295.08 294.7 294.59 6665.4 6659.6 6655.6 6638.9 6621.2 6610.9 6601.5 6573.1 6521.3 6447.5 6412.8 6383.5 6337.7 6168.8 5909.9 5523.6 4964.6 4194.1 3225.5 2196.3 1358 853.57 600.74 473.29 398.23 341.5 288.78 236.98 188.76 146.79 111.84 83.429 61.225 44.378 31.808 14.186 3.8777 1.1937
542.91 542.29 541.75 541.59 7242.2 7235.8 7231.5 7213.4 7194.2 7183 7172.8 7142.2 7086.4 7010.4 6976.3 6948.4 6906.2 6761.6 6558.9 6271.1 5859.2 5272.7 4456.3 3399.4 2309.6 1530.3 1103.3 880.42 750.25 657.11 575.39 494.82 413.72 335.16 263.33 201.43 150.49 110.33 79.678 35.697 9.3577 2.3244
763.21 762.38 761.66 761.44 7697.4 7690.7 7686 7666.7 7646.5 7634.5 7623.7 7591.3 7531.9 7451.3 7415 7385.3 7340.6 7186.6 6971 6664.6 6226.4 5604.6 4758.4 3720.2 2689.9 1937.4 1508.5 1284.8 1160.8 1075.9 997.85 910.44 808.11 693.63 574.01 458.45 354.58 266.77 196.18 89.853 23.477 5.2567
804.18 803.02 802 801.71 8050.3 8043.3 8038.3 8018 7996.9 7984.4 7972.9 7939.1 7877 7792.7 7754.7 7723.7 7676.9 7515.9 7290.3 6969.7 6511.3 5861.1 4976.4 3891.3 2814.7 2031.1 1593.4 1383.7 1298.2 1277 1282.7 1284.8 1257.9 1187.4 1072.3 924.32 761.71 602.66 460.46 222.28 59.428 12.846
