0.35506 0.35116 0.34861 0.34795 0.34739 0.34673 0.3466 0.34564 0.35506 0.34484 0.34468 0.35506 0.35506 0.35506 0.35506 0.35506 0.35506 0.35506 0.35506 0.34726 0.34743 0.34807 0.3473 0.34718 0.34718 0.34716 0.34718 0.34721 0.34725 0.34731 0.3474 0.34751 0.34767 0.34788 0.34817 0.34856 0.34907 0.34978 0.35076 0.35468 0.37235 0.45573
0.29739 0.36279 0.35767 0.35614 0.35441 0.35351 0.35278 0.35042 0.34892 0.34826 0.34777 0.34673 0.34573 0.29739 3.7269 0.34503 0.29739 0.29739 0.29739 0.34686 0.34743 0.39274 0.34744 0.34737 0.34723 0.34722 0.34721 0.34722 0.34726 0.34732 0.3474 0.34751 0.34767 0.34788 0.34817 0.34856 0.34908 0.34978 0.35075 0.35467 0.37226 0.45491
0.24909 0.24909 0.24909 0.3446 0.3692 0.36658 0.36533 0.36194 0.35826 0.35653 0.35536 0.35276 0.34996 0.34804 0.24909 0.3472 0.34682 0.24909 0.24909 0.34633 0.34719 0.43252 0.34776 0.3476 0.34749 0.34732 0.34729 0.34727 0.34729 0.34734 0.34741 0.34752 0.34768 0.34789 0.34817 0.34856 0.34908 0.34978 0.35075 0.35465 0.37207 0.45336
0.47568 0.28035 0.29671 0.30261 0.30779 0.37024 0.36855 0.36333 0.37596 0.37236 0.37134 0.36746 0.36035 0.35545 0.35405 0.35312 0.35905 0.34965 0.47568 0.34742 0.3473 0.36067 0.34823 0.34812 0.34787 0.34769 0.34757 0.34741 0.34737 0.34739 0.34745 0.34755 0.34769 0.3479 0.34818 0.34856 0.34908 0.34978 0.35075 0.35465 0.37192 0.45054
1.1229 0.37419 0.40747 0.40946 0.41182 0.41431 0.40747 0.37963 0.40813 0.40423 0.40035 0.39564 0.38203 0.37308 0.36971 0.36753 0.36468 2.5412 1.2458 1.1229 0.34986 0.35245 0.349 0.34911 1.1229 0.3483 0.348 0.34785 0.34759 0.34753 0.34754 0.34761 0.34773 0.34792 0.34819 0.34857 0.34909 0.34979 0.35075 0.35465 0.37178 0.44648
0.45071 0.58334 0.59499 0.51325 0.50884 0.45197 0.45137 0.44739 0.44353 0.44103 0.43795 0.44829 0.43453 0.41024 0.40271 0.39802 0.39299 0.38011 0.36984 0.36251 0.3574 0.9754 0.35192 0.35102 0.3506 0.34978 0.34904 0.34853 0.34825 0.34798 0.34795 0.34776 0.34783 0.34799 0.34824 0.34861 0.34911 0.3498 0.35076 0.35465 0.3717 0.44256
0.76399 0.89884 0.94459 0.91831 0.88405 0.93934 0.89379 0.81119 0.62709 0.60189 0.59223 0.55335 0.53746 0.50115 0.4837 0.4722 0.45799 0.42687 0.40493 0.38843 0.37594 4.2791 0.3609 0.35683 0.35447 0.3531 0.35151 0.35028 0.34938 0.34887 0.3485 0.34834 0.34838 0.34816 0.34836 0.34868 0.34916 0.34984 0.35078 0.35466 0.37165 0.43981
1.6179 1.9904 1.8062 1.8318 1.6179 1.7492 1.7385 1.3943 1.2207 1.1413 1.0687 0.93847 0.76304 0.69341 0.65606 0.63048 0.59892 0.53852 0.4849 0.44693 0.41874 0.39817 0.38305 0.37236 0.365 0.36026 0.35726 0.35443 0.35233 0.35083 0.34984 0.34933 0.34909 0.3491 0.34902 0.34888 0.34929 0.34992 0.35084 0.35468 0.37164 0.43838
3.4263 4.4646 5.5763 4.6224 4.3658 4.0459 4.2286 3.2624 3.1086 2.4516 2.3468 1.8898 1.5152 1.179 1.1015 1.0121 0.96035 0.79028 0.6759 0.58785 0.517 0.46943 0.43484 0.40938 0.3912 0.37845 0.3698 0.36411 0.35924 0.35572 0.35323 0.3515 0.35027 0.34998 0.3501 0.35019 0.35084 0.35014 0.35099 0.35474 0.37165 0.43777
8.1229 10.065 15.229 13.395 12.609 9.8866 10.356 8.044 6.6013 5.9711 5.3853 4.4411 3.314 2.4505 2.2356 2.089 1.888 1.4704 1.1231 0.91969 0.75159 0.63643 0.55434 0.49503 0.45264 0.42205 0.40043 0.38544 0.3753 0.36711 0.36128 0.35703 0.35442 0.35233 0.35157 0.35174 0.35191 0.35152 0.35242 0.35488 0.37168 0.43749
19.701 21.755 45.069 43.261 35.341 30.601 27.36 21.576 17.254 15.694 13.71 10.798 7.9494 5.8238 5.215 4.78 4.3862 3.1119 2.3319 1.7388 1.3405 1.0468 0.84028 0.69771 0.59602 0.52402 0.47256 0.43624 0.41085 0.39345 0.37988 0.37027 0.36341 0.35878 0.35592 0.35375 0.35357 0.35428 0.35429 0.35528 0.37176 0.43742
47.945 49.709 114.62 116.93 102.61 90.708 78.643 62.582 46.815 41.444 37.507 28.367 20.531 14.452 12.852 11.72 10.561 7.4014 5.2996 3.8716 2.8007 2.0815 1.556 1.1967 0.94194 0.76609 0.64273 0.55572 0.49472 0.45212 0.4228 0.40052 0.3848 0.37367 0.36594 0.36052 0.35773 0.35571 0.35617 0.35785 0.37196 0.43742
116.91 116.14 257.02 308.27 295.88 258.88 234.5 163.91 128.94 112.59 100.03 76.518 54.134 37.383 33.134 30.011 26.791 18.729 13.06 9.2417 6.5585 4.6808 3.3831 2.4518 1.8109 1.3658 1.0554 0.84183 0.69388 0.59084 0.51937 0.47028 0.43377 0.40823 0.39004 0.37752 0.36887 0.3638 0.36061 0.36165 0.37245 0.4375
280.78 286.64 519.26 704.97 781.27 705.52 656.33 454.63 354.25 299.24 272.77 205.81 142.44 98.905 86.039 78.824 68.64 48.427 33.254 23.196 16.26 11.398 8.0377 5.6745 4.0198 2.8811 2.0954 1.554 1.1807 0.9259 0.7504 0.6298 0.54728 0.48744 0.44558 0.41644 0.39595 0.38194 0.37244 0.36637 0.3735 0.43774
587.33 587.33 1070.4 1487.4 1857.7 1923.8 1812.3 1287 962.83 829.62 732.23 548.87 380.96 260.3 226.45 203 177.31 125.13 85.388 59.328 41.296 28.696 19.954 13.916 9.6966 6.758 4.7444 3.3596 2.4101 1.7617 1.3192 1.0181 0.81303 0.6737 0.57466 0.50616 0.45826 0.42542 0.40295 0.37503 0.38044 0.43749
1210.6 1210.6 2200 3032.5 4181.6 4921 4962.4 3859.9 2813.1 2398.2 2119.1 1505.7 1006.3 693.1 596.08 536.01 465.17 322.13 220.85 152.24 105.54 73.105 50.687 35.041 24.244 16.737 11.533 7.9838 5.5489 3.8868 2.757 1.9908 1.4711 1.1202 0.88343 0.71809 0.60436 0.52599 0.47267 0.40623 0.387 0.4377
2434.8 2696.9 2434.8 5736.3 8473.7 11444 12241 9620.3 6993.8 6545.2 6100.6 4487.1 2793.8 1862.8 1604 1432.7 1234.1 836.85 572.03 393.01 271.41 187.55 129.52 89.467 61.597 42.332 29.025 19.844 13.603 9.3349 6.4323 4.4666 3.1385 2.2423 1.6393 1.2347 0.9559 0.7657 0.63625 0.47351 0.4083 0.43911
4755.7 5405.2 8442.1 10622 4755.7 21753 25756 24923 19275 15420 13640 9966 6946.5 4937.5 4226.3 3782.2 3251.7 2184.5 1485.1 1017.6 699.71 482.64 332.67 228.99 157.62 108.08 73.918 50.416 34.259 23.328 15.867 10.814 7.4014 5.1033 3.5574 2.5209 1.8276 1.3541 1.0337 0.63291 0.44292 0.44049
8988.5 10580 16614 20962 8988.5 38880 48552 57060 43909 37200 33552 23601 16959 12307 10901 9772.2 8411.4 5624.4 3803.3 2608.5 1795.9 1239.5 854.49 587.96 403.59 276.96 189.21 128.88 87.532 59.221 40.117 27.122 18.346 12.435 8.4648 5.8019 4.021 2.8318 2.026 1.0232 0.53069 0.4471
16530 20336 30156 39349 52744 70665 84042 1.1789e+05 97015 86166 77089 60680 40577 29951 16530 24009 20846 14300 9756.1 6679.6 4603.4 3180 2193.3 1510.2 1037 709.59 485.33 330.42 224.26 151.74 102.55 69.038 46.471 31.269 21.057 14.212 9.6317 6.5748 4.5381 1.9989 0.74401 0.45671
31073 41588 55011 65607 82665 1.0989e+05 1.3089e+05 2.0205e+05 1.8452e+05 2.124e+05 1.7228e+05 1.4482e+05 94705 66543 59828 55071 49189 33818 23844 16690 11632 8076.5 5593.3 3861.4 2656.7 1821.3 1243.2 847.51 574.98 389.25 261.5 176.76 118.75 79.667 53.404 35.801 24.026 16.162 10.922 4.4896 1.2834 0.48574
58412 76501 96798 1.0357e+05 1.1134e+05 1.1972e+05 1.3555e+05 58412 3.878e+05 3.7938e+05 3.5715e+05 2.815e+05 1.9799e+05 1.4334e+05 1.2992e+05 1.2066e+05 1.0906e+05 79279 57584 40968 29067 20464 14222 9854 6795.6 4665.6 3190.6 2172 1473.1 998.53 674.03 451.72 304.45 204.01 136.51 91.252 60.978 40.763 27.287 10.858 2.451 0.56328
1.1177e+05 1.5066e+05 1.9354e+05 2.0844e+05 2.2289e+05 2.3838e+05 2.4789e+05 2.7993e+05 2.9999e+05 3.0652e+05 3.1009e+05 1.1177e+05 4.2334e+05 3.2783e+05 2.9867e+05 2.7856e+05 2.5333e+05 1.9162e+05 1.4049e+05 1.0261e+05 73182 51634 36156 25143 17382 11954 8182 5575.9 3785 2559.6 1729.8 1164.5 779.36 523.48 350.01 233.7 155.87 103.91 69.269 27.036 5.6568 0.74705
2.2183e+05 2.9219e+05 3.7781e+05 4.1001e+05 4.3839e+05 5.1979e+05 5.5022e+05 6.1999e+05 6.6832e+05 6.8603e+05 6.9546e+05 7.0104e+05 6.7096e+05 6.0456e+05 5.7389e+05 5.5041e+05 5.1919e+05 4.2682e+05 3.3103e+05 2.4746e+05 1.8053e+05 1.2919e+05 91194 63794 44280 30538 20944 14293 9714.9 6574.3 4433.9 2988.9 2007.3 1341.9 898.42 599.52 399.54 265.99 176.99 68.459 13.705 0.53398
4.6022e+05 5.9409e+05 7.5616e+05 8.1411e+05 8.7081e+05 9.3221e+05 9.7025e+05 1.1024e+06 1.2536e+06 1.3307e+06 1.385e+06 1.9229e+06 1.6562e+06 1.4352e+06 1.3602e+06 1.304e+06 1.226e+06 1.0088e+06 7.9637e+05 6.0608e+05 4.4797e+05 3.2398e+05 2.3036e+05 1.62e+05 1.1287e+05 78051 53622 36644 24925 16887 11395 7664.3 5153.5 3453.1 2299.3 1539.4 1025.4 682.21 453.45 174.61 33.556 0.67173
1.0395e+06 1.2861e+06 1.5862e+06 1.6938e+06 1.7996e+06 1.9148e+06 1.9865e+06 2.2401e+06 2.4368e+06 2.525e+06 2.5923e+06 2.7333e+06 2.8372e+06 2.7793e+06 2.711e+06 2.6498e+06 2.553e+06 2.2179e+06 1.8572e+06 1.452e+06 1.0948e+06 8.0357e+05 5.7787e+05 4.0901e+05 2.8645e+05 1.988e+05 1.3696e+05 93776 63876 43324 29262 19693 13214 8865 5927.6 3939.8 2633 1751.1 1163.3 446.78 98.392 0.97748
2.6983e+06 3.1024e+06 3.6083e+06 3.7909e+06 3.9704e+06 4.1662e+06 4.2885e+06 4.7241e+06 5.0687e+06 5.2267e+06 5.3491e+06 5.6139e+06 5.8261e+06 5.7751e+06 5.6908e+06 5.606e+06 5.46e+06 4.9016e+06 4.1728e+06 3.3797e+06 2.622e+06 1.965e+06 1.4342e+06 1.0253e+06 7.2333e+05 5.0457e+05 3.4888e+05 2.3952e+05 1.6346e+05 1.11e+05 75070 50558 33950 22731 15218 10157 6733.9 4496.9 2986.4 1145.1 250.19 1.6127
8.4721e+06 8.7456e+06 9.2853e+06 9.4998e+06 9.7169e+06 9.959e+06 1.0112e+07 1.067e+07 1.1121e+07 1.133e+07 1.1494e+07 1.1849e+07 1.2125e+07 1.2059e+07 1.1932e+07 1.1801e+07 1.1569e+07 1.0638e+07 9.3256e+06 7.7861e+06 6.2092e+06 4.7594e+06 3.5335e+06 2.5568e+06 1.8195e+06 1.2771e+06 8.8697e+05 6.1085e+05 4.1785e+05 2.8423e+05 1.9242e+05 1.2978e+05 87182 58446 39028 26079 17375 11502 7669.5 2938 638.74 3.1194
3.0652e+07 2.8395e+07 2.7173e+07 2.692e+07 2.6729e+07 2.6575e+07 2.6502e+07 2.6351e+07 2.6314e+07 2.6309e+07 2.6306e+07 2.6275e+07 2.6068e+07 2.551e+07 2.5184e+07 2.4894e+07 2.4427e+07 2.2706e+07 2.0335e+07 1.7469e+07 1.433e+07 1.1281e+07 8.5619e+06 6.3076e+06 4.5365e+06 3.212e+06 2.2446e+06 1.5528e+06 1.0656e+06 7.2651e+05 4.9269e+05 3.3264e+05 2.2379e+05 1.5003e+05 1.0035e+05 66883 44615 29678 19617 7542.2 1634.2 322.34
8.7477e+07 8.1128e+07 7.5971e+07 7.4403e+07 7.2949e+07 7.1443e+07 7.0534e+07 7.3589e+07 7.5461e+07 7.6657e+07 7.4236e+07 6.0923e+07 5.8111e+07 5.5259e+07 5.4153e+07 5.3295e+07 5.2063e+07 4.8238e+07 4.3605e+07 3.8166e+07 3.2166e+07 2.6042e+07 2.0285e+07 1.5272e+07 1.1165e+07 8.0028e+06 5.6421e+06 3.9279e+06 2.7078e+06 1.8523e+06 1.2592e+06 8.5164e+05 5.7355e+05 3.849e+05 2.5759e+05 1.7185e+05 1.1442e+05 76204 50584 19369 4187.7 775.06
1.5067e+08 1.4622e+08 1.4499e+08 1.4487e+08 1.4475e+08 1.4457e+08 1.4439e+08 1.4311e+08 1.4105e+08 1.3966e+08 1.3831e+08 1.3419e+08 1.2728e+08 1.195e+08 1.1651e+08 1.1426e+08 1.1113e+08 1.0215e+08 9.24e+07 8.1731e+07 7.0345e+07 5.8438e+07 4.6776e+07 3.6128e+07 2.6981e+07 1.9668e+07 1.4042e+07 9.8649e+06 6.8457e+06 4.7052e+06 3.2096e+06 2.1762e+06 1.4683e+06 9.8666e+05 6.6079e+05 4.414e+05 2.9398e+05 1.9546e+05 1.2997e+05 49580 10742 1947
2.1961e+08 2.1299e+08 2.1206e+08 2.1263e+08 2.1353e+08 2.1484e+08 2.1581e+08 2.2017e+08 2.2448e+08 2.2665e+08 2.2838e+08 2.3205e+08 2.3374e+08 2.3001e+08 2.2723e+08 2.2471e+08 2.2069e+08 2.0677e+08 1.895e+08 1.6987e+08 1.4857e+08 1.2629e+08 1.0395e+08 8.2472e+07 6.3421e+07 4.7305e+07 3.4388e+07 2.4488e+07 1.7162e+07 1.188e+07 8.1461e+06 5.5439e+06 3.7505e+06 2.5252e+06 1.6936e+06 1.1322e+06 7.5504e+05 5.0211e+05 3.3334e+05 1.2783e+05 27570 5065.7
2.9305e+08 2.8382e+08 2.8209e+08 2.8266e+08 2.8366e+08 2.8519e+08 2.8637e+08 2.9195e+08 2.9823e+08 3.0189e+08 3.0521e+08 3.1477e+08 3.2979e+08 3.4459e+08 3.4911e+08 3.5194e+08 3.5489e+08 3.562e+08 3.4503e+08 3.2399e+08 2.9407e+08 2.5832e+08 2.1961e+08 1.8052e+08 1.4339e+08 1.1018e+08 8.2128e+07 5.9661e+07 4.2444e+07 2.9707e+07 2.0533e+07 1.4054e+07 9.5471e+06 6.447e+06 4.333e+06 2.9011e+06 1.9364e+06 1.2895e+06 8.5664e+05 3.2822e+05 70705 12880
3.5937e+08 3.478e+08 3.4534e+08 3.4592e+08 3.4701e+08 3.4873e+08 3.5006e+08 3.5647e+08 3.6373e+08 3.6797e+08 3.7183e+08 3.8305e+08 4.0179e+08 4.2428e+08 4.3335e+08 4.4034e+08 4.5012e+08 4.7693e+08 4.9912e+08 5.0879e+08 4.996e+08 4.7004e+08 4.2354e+08 3.6614e+08 3.0425e+08 2.4349e+08 1.8807e+08 1.4073e+08 1.0249e+08 7.3017e+07 5.1125e+07 3.5323e+07 2.4156e+07 1.639e+07 1.1053e+07 7.4184e+06 4.96e+06 3.3062e+06 2.1988e+06 8.4169e+05 1.8183e+05 33052
4.2227e+08 4.0842e+08 4.1074e+08 4.1129e+08 4.1246e+08 4.1435e+08 4.1035e+08 4.1755e+08 4.2575e+08 4.3056e+08 4.3493e+08 4.4767e+08 4.6891e+08 4.9439e+08 5.0472e+08 5.1276e+08 5.2422e+08 5.5845e+08 5.9667e+08 6.3639e+08 6.709e+08 6.8918e+08 6.806e+08 6.4079e+08 5.7391e+08 4.8979e+08 3.9971e+08 3.1324e+08 2.3687e+08 1.7378e+08 1.244e+08 8.7351e+07 6.0436e+07 4.1346e+07 2.8045e+07 1.8899e+07 1.2672e+07 8.4638e+06 5.6355e+06 2.1621e+06 4.6711e+05 84802
4.7593e+08 4.6011e+08 4.5628e+08 4.5683e+08 4.5806e+08 4.6008e+08 4.6168e+08 4.6952e+08 4.7851e+08 4.8378e+08 4.8859e+08 5.0263e+08 5.2607e+08 5.5424e+08 5.6567e+08 5.7455e+08 5.872e+08 6.2498e+08 6.6748e+08 7.1454e+08 7.6559e+08 8.1807e+08 8.6441e+08 8.908e+08 8.8209e+08 8.304e+08 7.4018e+08 6.2556e+08 5.0361e+08 3.8856e+08 2.8923e+08 2.0913e+08 1.4781e+08 1.0268e+08 7.0398e+07 4.7797e+07 3.2216e+07 2.1594e+07 1.4414e+07 5.5499e+06 1.1999e+06 2.1765e+05
5.1996e+08 5.025e+08 4.9811e+08 4.9864e+08 4.999e+08 5.0202e+08 5.0371e+08 5.1204e+08 5.2164e+08 5.273e+08 5.3245e+08 5.4752e+08 5.7274e+08 6.0311e+08 6.1545e+08 6.2504e+08 6.3872e+08 6.7955e+08 7.255e+08 7.7631e+08 8.3161e+08 8.9102e+08 9.5384e+08 1.0175e+09 1.074e+09 1.1071e+09 1.0973e+09 1.0327e+09 9.1754e+08 7.7024e+08 6.1414e+08 4.6858e+08 3.4485e+08 2.4673e+08 1.7276e+08 1.1904e+08 8.1053e+07 5.4711e+07 3.6694e+07 1.4211e+07 3.0808e+06 5.5814e+05
5.5507e+08 5.363e+08 5.3145e+08 5.3194e+08 5.3322e+08 5.3541e+08 5.3717e+08 5.4587e+08 5.5594e+08 5.6188e+08 5.673e+08 5.8316e+08 6.0977e+08 6.4186e+08 6.5491e+08 6.6505e+08 6.7954e+08 7.2282e+08 7.7159e+08 8.2556e+08 8.8429e+08 9.473e+08 1.014e+09 1.0839e+09 1.1564e+09 1.2289e+09 1.2932e+09 1.3314e+09 1.3199e+09 1.2423e+09 1.1021e+09 9.2141e+08 7.301e+08 5.5284e+08 4.0365e+08 2.8663e+08 1.9931e+08 1.365e+08 9.2456e+07 3.6253e+07 7.8929e+06 1.4354e+06
5.825e+08 5.6269e+08 5.5746e+08 5.5793e+08 5.5922e+08 5.6146e+08 5.6327e+08 5.7225e+08 5.8267e+08 5.8882e+08 5.9445e+08 6.109e+08 6.3856e+08 6.7195e+08 6.8554e+08 6.9612e+08 7.1121e+08 7.5639e+08 8.0734e+08 8.6378e+08 9.2527e+08 9.9127e+08 1.0611e+09 1.1343e+09 1.2101e+09 1.288e+09 1.3674e+09 1.4463e+09 1.5163e+09 1.5583e+09 1.5449e+09 1.4553e+09 1.291e+09 1.0775e+09 8.5079e+08 6.4117e+08 4.6567e+08 3.289e+08 2.2757e+08 9.1653e+07 2.023e+07 3.6862e+06
6.0359e+08 5.8298e+08 5.7745e+08 5.779e+08 5.7919e+08 5.8146e+08 5.833e+08 5.9249e+08 6.0317e+08 6.0948e+08 6.1526e+08 6.3216e+08 6.606e+08 6.9496e+08 7.0897e+08 7.1986e+08 7.3542e+08 7.8201e+08 8.3462e+08 8.9295e+08 9.5655e+08 1.0249e+09 1.0972e+09 1.173e+09 1.2515e+09 1.3321e+09 1.4143e+09 1.4976e+09 1.5817e+09 1.6648e+09 1.7388e+09 1.7837e+09 1.7689e+09 1.6689e+09 1.4825e+09 1.2376e+09 9.7592e+08 7.3358e+08 5.3105e+08 2.2688e+08 5.1591e+07 9.4551e+06
