0.34133 0.34144 0.34154 0.34159 0.34163 0.34157 0.34167 0.34185 0.34133 0.34206 0.34213 0.34133 0.34133 0.34133 0.34133 0.34133 0.34133 0.34133 0.34133 0.3631 0.34751 1.0062 0.34681 0.35232 0.34669 0.34666 0.34667 0.3467 0.34674 0.34681 0.34689 0.34701 0.34716 0.34737 0.34766 0.34805 0.34856 0.34927 0.35024 0.35413 0.37174 0.45507
1.5688 0.41143 0.34143 0.34146 0.34114 0.34154 0.34157 0.34156 0.34178 0.34184 0.34189 0.34205 0.34232 1.5688 1.9384 0.38956 1.5688 1.5688 1.5688 0.36257 0.34917 0.81477 0.34684 0.36313 0.34674 0.34668 0.34667 0.3467 0.34675 0.34681 0.34689 0.34701 0.34716 0.34738 0.34766 0.34805 0.34856 0.34927 0.35023 0.35413 0.37173 0.45499
7.2102 7.2102 7.2102 54.943 148.61 39.616 3.0648 0.34152 0.34162 0.34155 0.34164 0.34183 0.95467 0.55633 7.2102 2.312 0.34372 7.2102 7.2102 0.40811 0.34852 0.66599 0.34686 0.35599 0.34697 0.34668 0.3467 0.34671 0.34675 0.34681 0.34689 0.34701 0.34716 0.34738 0.34766 0.34805 0.34856 0.34926 0.35023 0.35411 0.37165 0.45501
23.03 48.466 18.657 20.211 24.667 41.517 67.781 74.075 11.743 21.686 7.6221 0.34196 0.34181 0.54815 0.34211 2.2888 0.40973 4.1218 23.03 0.66404 0.35742 0.35295 0.34661 0.35658 0.3473 0.34679 0.3468 0.34673 0.34675 0.34681 0.34689 0.34701 0.34716 0.34737 0.34766 0.34805 0.34856 0.34927 0.35023 0.35412 0.37166 0.45501
16.486 24.478 27.669 54.399 9.1148 174.45 79.615 41.174 8.4145 24.121 53.069 45.001 473.03 0.3418 0.34187 0.34198 0.342 0.34253 5.115 16.486 0.44086 1.8429 0.34561 0.34657 16.486 0.34682 0.34681 0.34684 0.34677 0.34681 0.34689 0.34701 0.34716 0.34737 0.34766 0.34805 0.34856 0.34926 0.35023 0.35412 0.37166 0.45491
26.483 26.013 39.886 34.128 34.309 55.075 445.06 54.2 10.475 16.719 32.14 119.07 444.92 410.96 245.34 195.13 103.47 0.34197 0.34315 7.7099 0.56884 0.91272 0.34435 0.3455 0.34742 0.34679 0.34684 0.34685 0.34688 0.34684 0.3469 0.34701 0.34716 0.34737 0.34766 0.34805 0.34856 0.34926 0.35023 0.35412 0.37168 0.45494
25.696 32.072 19.616 26.594 71.38 11.726 79.03 6.3506 12.269 10.196 37.246 105.25 176.93 479.09 285.33 222.18 146.19 4.6532 0.52981 0.34252 0.58329 0.6299 0.34348 0.34427 0.34684 0.34655 0.3468 0.34687 0.34689 0.34694 0.34692 0.34701 0.34717 0.34738 0.34766 0.34805 0.34856 0.34927 0.35023 0.35412 0.37167 0.45493
25.539 29.025 25.584 24.643 25.539 30.884 32.205 31.082 19.775 24.164 28.06 54.448 144.45 513.96 314.61 245.28 178.41 8.1312 0.6835 0.4157 0.35602 0.3426 0.34286 0.3434 0.34706 0.34533 0.34656 0.34681 0.34691 0.34695 0.34703 0.34704 0.34717 0.34738 0.34766 0.34805 0.34856 0.34927 0.35023 0.35412 0.37168 0.45493
25.382 30.131 27.359 25.523 24.964 26.568 30.825 30.541 24.344 24.112 25.884 26.079 149.07 369.82 263.06 293.88 223.12 13.178 0.91072 0.45621 0.36935 0.34239 0.34245 0.34278 0.34653 0.34416 0.34526 0.34658 0.34684 0.34698 0.34704 0.34714 0.34719 0.34738 0.34766 0.34805 0.34856 0.34927 0.35023 0.35412 0.37168 0.45497
26.186 27.671 29.4 27.12 25.561 25.419 26.738 32.997 26.629 24.113 25.394 26.211 125.9 269.82 250.42 209.62 206.25 28.262 1.9459 0.68224 0.39989 0.34263 0.34213 0.35032 0.34274 0.34335 0.34411 0.34521 0.34662 0.34688 0.34707 0.34716 0.3473 0.3474 0.34766 0.34805 0.34857 0.34927 0.35023 0.35412 0.37168 0.45494
26.727 25.715 32.345 29.163 27.003 25.625 25.775 35.042 28.817 25.619 24.916 26.79 98.481 251.68 259.17 234.03 164.42 44.603 3.1256 0.88824 0.42391 0.34656 0.34201 0.34707 0.34487 0.34271 0.3433 0.34409 0.34518 0.34667 0.34695 0.34718 0.34731 0.34751 0.34769 0.34805 0.34857 0.34927 0.35023 0.35412 0.37168 0.45496
27.201 25.616 37.257 32.084 28.752 26.719 26.032 34.134 30.822 27.332 25.439 27.654 73.193 227.32 263.06 248.87 198.29 63.119 4.0342 1.2572 0.53441 0.35399 0.34195 0.34421 0.34565 0.3423 0.3427 0.34329 0.34408 0.34517 0.34675 0.34705 0.34734 0.34753 0.3478 0.34808 0.34859 0.34927 0.35023 0.35412 0.37168 0.45496
27.689 26.133 36.619 34.959 31.133 28.105 26.892 31.668 32.923 29.221 26.701 28.927 53.451 207.25 253.02 257.26 226.4 83.324 7.4707 1.8636 0.62629 0.37386 0.34242 0.3425 0.34703 0.34207 0.34225 0.34269 0.3433 0.3441 0.34519 0.34684 0.34719 0.34755 0.34781 0.34819 0.34859 0.34929 0.35023 0.35412 0.37168 0.45495
28.839 27.336 36.561 37.491 34.249 30.086 28.411 28.658 33.482 30.837 28.281 30.187 41.695 195.68 236.55 259.94 242.76 106.26 15.664 2.8167 0.76329 0.41462 0.34281 0.34628 0.34807 0.34198 0.34193 0.34227 0.34272 0.34332 0.34413 0.34523 0.34688 0.34739 0.34784 0.3482 0.3487 0.3493 0.35026 0.35412 0.37168 0.45495
30.583 30.583 34.493 39.488 37.662 33.168 30.648 27.134 34.339 32.152 29.775 30.244 39.065 187.28 224.73 252.45 256.49 131.74 31.452 4.457 0.98508 0.48443 0.34429 0.34363 0.38145 0.34703 0.34171 0.34197 0.34231 0.34276 0.34338 0.3442 0.34532 0.34699 0.34766 0.34823 0.34872 0.34941 0.35026 0.35412 0.37168 0.45495
34.362 34.362 33.395 40.014 41.899 38.487 35.437 28.387 34.234 34.26 31.924 29.469 41.775 177.66 225.08 249.91 270.4 162.14 54.809 7.5048 1.412 0.60344 0.35129 0.34353 0.38314 0.35222 0.34156 0.34178 0.34204 0.34238 0.34284 0.34346 0.34431 0.34547 0.34717 0.34804 0.34875 0.34943 0.35037 0.35413 0.37168 0.45495
40.704 36.598 40.704 41.682 49.246 53.474 54.53 47.786 47 47.728 44.37 36.33 50.265 168.74 229.98 257.42 281.17 195.65 80.782 9.6791 2.2984 0.79284 0.3754 0.34499 0.38263 0.3577 0.34188 0.34164 0.34189 0.34214 0.34248 0.34295 0.3436 0.34448 0.3457 0.34745 0.34855 0.34946 0.35039 0.35415 0.37168 0.45495
48.901 51.997 47.744 48.798 48.901 70.601 76.754 87.451 83.703 82.949 79.59 64.102 71.034 169.65 239.2 272.47 298.55 233.07 109.03 18.444 4.1891 1.1103 0.4449 0.34815 0.37998 0.36496 0.34275 0.34196 0.34184 0.34208 0.3423 0.34264 0.34313 0.34381 0.34474 0.34603 0.34788 0.34924 0.35043 0.35427 0.37168 0.45495
68.693 84.966 90.667 89.263 68.693 105.96 109.96 119.11 120.71 121.57 121.52 107.8 120.1 196.07 261.9 298.1 325.83 276.17 139.33 36.371 7.963 1.6911 0.60084 0.35767 0.37645 0.37541 0.34517 0.34274 0.34245 0.34223 0.34239 0.34257 0.34289 0.34339 0.34411 0.34512 0.34651 0.34849 0.35021 0.35429 0.37169 0.45495
113.4 119.05 135.97 145.67 144.77 148.95 151.51 149.77 153.3 159.86 164 162.21 205.89 260.16 113.4 341.29 366.4 324 176.07 65.786 15.617 2.9622 0.94026 0.38888 0.37931 0.3915 0.35066 0.34498 0.34392 0.34331 0.34319 0.34291 0.343 0.34328 0.34379 0.34456 0.34565 0.34719 0.34939 0.35434 0.37171 0.45495
223.23 205.53 210.58 207.75 203.63 204.37 208.1 210.41 220.04 246.3 269.08 294.27 338.76 375.2 388.98 404.12 418.39 373.1 221.22 101.84 20.746 5.9082 1.7237 0.4913 0.39877 0.42061 0.36267 0.35072 0.34782 0.34608 0.34434 0.34419 0.3438 0.34372 0.34391 0.3444 0.34521 0.34642 0.34817 0.35419 0.37184 0.45496
439.45 417.63 404.12 391.41 390.67 381.97 400.23 439.45 421.84 485.97 613.52 1225 1452.7 1150.4 951.99 808.12 653.92 438.66 277.7 142.09 41.99 13.266 3.6507 0.80866 0.45373 0.47356 0.39138 0.3652 0.35763 0.35317 0.34997 0.34721 0.34624 0.34533 0.34491 0.34491 0.34533 0.34617 0.34754 0.35376 0.37188 0.45496
3105.8 2992.8 2748.1 2776.3 2727.8 2648.8 2614.8 2449.1 2294 2276.4 2366.8 3105.8 4947.4 4190.8 3463.4 2795.2 1907.4 676.32 366.8 192.53 79.048 30.85 8.5179 1.7743 0.60616 0.58199 0.46422 0.40141 0.38245 0.37078 0.36277 0.35692 0.3523 0.34982 0.34796 0.34691 0.34654 0.34677 0.34762 0.35258 0.37198 0.45498
8913.5 8690.7 9529.6 8320.3 8218.6 8133 8053 7687.7 7267.8 7022.2 6838.6 6870.8 7837 7280.6 6577.1 5784.6 4406.8 1407.1 531.08 262.48 124.56 48.402 20.385 4.6739 1.0462 0.80112 0.64128 0.48593 0.44183 0.41411 0.394 0.3797 0.36906 0.36113 0.35605 0.35248 0.35028 0.34919 0.34905 0.35238 0.37213 0.45505
13180 12976 12731 12126 12538 12429 12352 12007 11508 11157 10821 10023 9679.4 8986 8422.9 7798.4 6614.8 2626.4 854.02 378.82 182.16 84.276 42.536 12.34 2.4843 1.3288 1.0701 0.69539 0.58436 0.51769 0.46969 0.43446 0.40892 0.39003 0.37579 0.36676 0.36019 0.35595 0.35355 0.35367 0.37236 0.45528
14882 14728 14520 14442 14356 14261 14197 13901 13516 13217 12915 11975 10881 9894.2 9397.2 8900.7 8008.5 4410.5 1463.6 560.31 258.45 130.54 63.684 28.324 6.9181 2.7773 2.1054 1.2837 0.94823 0.77349 0.65325 0.56691 0.50411 0.45886 0.4258 0.40125 0.38499 0.37327 0.36549 0.35826 0.3722 0.45553
15355 15196 15019 14949 14879 14795 14738 14499 14190 13853 13736 12966 11740 10531 10102 9584.6 8889.6 5643.1 2339.6 879.58 379.28 190.95 103.72 54.801 18.239 6.8188 4.5162 2.9167 1.8889 1.4208 1.1092 0.89025 0.73475 0.6228 0.54345 0.48606 0.44386 0.41561 0.3952 0.37066 0.37407 0.45618
15071 14941 14796 14744 14686 14619 14573 14368 14134 13975 13810 13253 12260 11109 10614 10204 9549 6715.8 3417 1380.6 577.66 280.96 157.63 94.696 41.31 17.224 10.372 7.027 4.3133 3.0701 2.259 1.6975 1.3034 1.0243 0.8262 0.68704 0.58753 0.51544 0.46668 0.40174 0.381 0.45762
14012 13951 13844 13804 13766 13716 13672 13522 13355 13245 13135 12779 12120 11255 10855 10510 9964.6 7826.9 4769.6 2171.8 1067.5 434.43 239.17 142.04 82.483 40.518 23.851 16.557 10.573 7.2411 5.1751 3.7415 2.7398 2.0301 1.5311 1.1793 0.93361 0.76004 0.63584 0.47668 0.3998 0.46133
11177 11843 11748 11722 11675 11619 11578 11590 11583 11515 11452 11266 11013 10505 10256 10033 9653 8084.4 5617.3 3061.5 1440.1 679.64 381.51 236.78 154.74 89.439 55.394 38.369 26.4 17.739 12.554 8.9385 6.3913 4.5913 3.3193 2.4245 1.7977 1.3617 1.0556 0.65645 0.44655 0.46932
10919 10872 10871 10846 10820 10772 10764 10670 10572 10509 10442 10272 9948.1 9464.6 9230.7 9031.3 8717.7 7514.6 5689 3524.5 1893.2 1006.2 600.69 401.07 286.94 184.35 124.06 88.173 63.958 43.78 30.975 22.055 15.672 11.128 7.8936 5.6121 4.0078 2.8868 2.1099 1.0951 0.55929 0.4926
10828 10779 10705 10719 10707 10674 10652 10561 10505 14824 10386 10259 8393.8 9327.8 8883.1 8874 8557.3 7460.1 5927.1 4081.3 2450.9 1376.5 916.53 682.6 512.11 384 268.65 199.1 149.29 107.82 76.579 54.908 39.134 27.748 19.585 13.778 9.6831 6.8078 4.8043 2.2151 0.8329 0.55173
12955 12888 12801 12764 7833.8 12718 12683 12548 12401 12337 12226 11989 11525 10851 10540 10285 9892.3 8617.2 6533.1 4689.1 3056.2 1788.7 1327.6 1061.3 891.72 731.45 592.47 453.68 347.79 262.48 190.42 137.33 98.472 70.015 49.438 34.71 24.265 16.915 11.763 5.0837 1.5152 0.69576
20437 20323 20171 20106 20037 19956 19901 19664 19409 19259 19119 18690 17894 16756 16234 15803 15150 12954 10153 7080 4497.3 2922.2 2132 1742.1 1539.8 1380.7 1184.3 979.17 782.78 610.01 461.53 338.98 245.53 176 124.93 87.942 61.502 42.776 29.636 12.463 3.2681 1.0489
48733 48469 48129 47986 47831 47642 47481 46930 46332 45980 45654 44650 42765 40074 38838 37817 36268 31037 24331 16902 10622 6781.4 4843 3873.6 3319.8 2914 2534.1 2148.2 1767.4 1410.9 1091.9 822.49 606.34 439.97 314.63 222.67 156.22 108.84 75.392 31.491 7.7945 1.9414
64445 64220 63906 63781 63643 63477 63365 62892 62373 62070 61790 60926 59313 57008 55944 55060 53702 48879 41766 32015 21825 14578 10571 8430.6 7154.3 6241.8 5459.5 4710.6 3965.2 3241.6 2569.9 1981 1487.1 1092.6 789.23 562.45 396.5 277.13 192.35 80.382 19.484 4.2476
71378 71129 70783 70646 70495 70313 70189 69666 69096 68761 68452 67501 65719 63174 61999 61024 59532 54336 47159 38073 28629 21303 16800 14214 12610 11422 10355 9265.9 8108.9 6896.8 5682.5 4531.6 3504.5 2638 1940.9 1401.9 997.83 702 489.37 205.44 49.558 10.218
76926 76658 76288 76139 75978 75784 75650 75088 74478 74118 73785 72766 70850 68116 66851 65803 64200 58609 50887 41107 30960 23178 18575 16213 15113 14651 14410 14071 13422 12374 10966 9326.1 7618.3 5996.2 4568.2 3387.5 2457.3 1752.4 1233.1 523.73 126.55 25.686
81270 80985 80596 80439 80269 80066 79926 79332 78691 78311 77960 76886 74867 71986 70652 69546 67856 61960 53814 43491 32774 24544 19668 17163 16014 15636 15722 16085 16528 16779 16543 15631 14054 12010 9785.7 7646 5768.8 4232.7 3038.6 1324 323.97 65.442
84613 84316 83912 83749 83571 83360 83216 82599 81934 81538 81174 80056 77959 74965 73578 72428 70670 64540 56069 45330 34175 25602 20517 17900 16694 16289 16371 16786 17449 18297 19199 19892 20000 19210 17461 14990 12203 9489.3 7110 3279.1 825.85 167.38
