0.34151 0.34163 0.34385 0.34475 0.34603 0.34719 0.34259 0.34264 0.34151 0.34226 0.34232 0.34151 0.34151 0.34151 0.34151 0.34151 0.34151 0.34151 0.34151 0.34698 0.49669 1.0236 0.34707 0.39644 0.34751 0.34698 0.347 0.34703 0.34708 0.34714 0.34723 0.34735 0.3475 0.34772 0.348 0.34839 0.34891 0.34962 0.35059 0.3545 0.37219 0.45589
26.892 4576.3 0.34162 0.34165 0.34132 0.34779 0.34882 0.34263 0.34252 0.34209 0.34216 0.34223 0.3425 26.892 84.238 0.34633 26.892 26.892 26.892 0.34635 0.34753 2.0756 0.34709 0.37254 0.34848 0.347 0.347 0.34703 0.34708 0.34714 0.34723 0.34735 0.3475 0.34772 0.348 0.34839 0.34891 0.34962 0.35058 0.35451 0.37218 0.45582
2117.6 2117.6 2117.6 193.9 66.445 19.105 3.3824 0.34171 0.34196 0.34246 0.3419 0.34203 0.34774 0.34299 2117.6 0.58218 0.34382 2117.6 2117.6 0.3781 0.34706 2.2073 0.34712 0.3471 0.35061 0.347 0.34703 0.34704 0.34708 0.34714 0.34723 0.34735 0.3475 0.34772 0.348 0.34839 0.34891 0.34961 0.35059 0.35449 0.3721 0.45584
2332.5 5416.7 1237.5 275.73 109.29 39.825 8.6415 0.60045 0.49192 0.5168 0.46178 0.34216 0.34204 0.34312 0.34236 0.58778 0.34648 1.2339 2332.5 0.35932 0.36951 0.72297 0.34686 0.34712 0.35238 0.34712 0.34713 0.34706 0.34709 0.34715 0.34723 0.34735 0.3475 0.34772 0.348 0.34839 0.34891 0.34962 0.35058 0.3545 0.37212 0.45583
3232.5 4767.6 1703 576.84 412.26 207.3 121.53 38.17 2.1461 15.283 3.7634 0.56571 0.58911 0.34201 0.34205 0.34215 0.34216 1.5004 57.203 3232.5 0.36174 9.6623 0.34586 0.34686 3232.5 0.34714 0.34714 0.34717 0.34711 0.34715 0.34723 0.34735 0.3475 0.34772 0.348 0.34839 0.34891 0.34961 0.35058 0.35449 0.37212 0.45573
1467.9 3922.9 3129.1 3253.9 420.66 111.85 64.315 3.0603 39.5 27.419 5.1856 0.62728 0.58981 0.56673 0.55305 0.53253 0.49457 0.34213 0.3424 0.64937 0.34315 20.49 0.3446 0.34578 0.35889 0.34712 0.34716 0.34718 0.34722 0.34717 0.34724 0.34735 0.3475 0.34772 0.348 0.34839 0.34891 0.34961 0.35059 0.3545 0.37213 0.45576
1659.7 2378.6 3020.9 2687.7 1694.1 354.02 236.1 143.53 38.878 34.782 8.425 0.6079 0.59315 0.56281 0.56004 0.54503 0.50543 0.46816 0.43062 0.34235 0.3427 0.62241 0.34372 0.34455 0.37531 0.34688 0.34712 0.3472 0.34723 0.34728 0.34726 0.34735 0.34751 0.34772 0.348 0.34839 0.34891 0.34962 0.35058 0.3545 0.37213 0.45575
1745.1 2114.3 3299.3 3157.4 1745.1 1934.8 1801.1 1694.2 1501.3 1349.1 12.036 0.86941 0.58729 0.56107 0.61077 0.59969 0.55442 0.47883 0.44654 0.40212 0.34429 0.34275 0.34308 0.34369 0.40008 0.34569 0.34689 0.34714 0.34725 0.34729 0.34737 0.34738 0.34751 0.34772 0.348 0.34839 0.34891 0.34962 0.35058 0.3545 0.37213 0.45576
1835 2078 3043.3 3181.2 2840.6 2241.8 1916.4 1719 1449.8 1228.6 982.13 426.4 22.935 0.61656 16.334 0.53523 0.57157 0.49734 0.44627 0.41056 0.35499 0.34236 0.34262 0.34307 0.42422 0.34468 0.34559 0.34692 0.34717 0.34732 0.34738 0.34748 0.34753 0.34772 0.348 0.34839 0.34891 0.34962 0.35058 0.3545 0.37213 0.45579
2001.2 2123 2873.3 3129.1 3032.5 2466.7 2156.9 1711.3 1520.6 1300.7 1095.9 500.49 191.77 50.211 41.235 28.658 3.3874 0.49468 4.8752 0.74782 0.36 0.34238 0.34219 0.35348 0.34306 0.34442 0.34445 0.34555 0.34696 0.34722 0.34741 0.3475 0.34764 0.34775 0.34801 0.34839 0.34891 0.34962 0.35058 0.3545 0.37213 0.45576
2083.2 2379.6 2731.6 3039.2 3121 2746.8 2383 1732.4 1587.9 1389.4 1191.1 580.33 211.89 45.892 47.316 34.224 23.163 17.306 6.7097 1.1517 0.36792 0.34334 0.34191 0.34716 0.43333 0.34306 0.34364 0.34444 0.34553 0.34701 0.34729 0.34752 0.34766 0.34786 0.34803 0.3484 0.34891 0.34962 0.35058 0.3545 0.37213 0.45578
2222.8 2550.7 2769.7 3039.3 3151.5 3012.5 2686.2 1791.2 1628.9 1470.5 1282 679.22 232.16 54.22 48.742 41.454 25.774 18.001 6.8382 1.377 0.73455 0.41978 0.34179 0.34408 0.43172 0.34661 0.34308 0.34365 0.34444 0.34553 0.3471 0.3474 0.34769 0.34787 0.34814 0.34842 0.34894 0.34962 0.35059 0.3545 0.37213 0.45578
2598.5 2974.6 3034.3 3078.6 3239.7 3286.9 3026.5 1933.3 1702 1569.9 1391.4 818.58 258 76.753 48.081 47.298 31.478 18.644 8.3839 1.6414 0.7907 0.45599 0.34235 0.34258 0.41591 0.35113 0.3427 0.34311 0.34369 0.34447 0.34555 0.3472 0.34755 0.3479 0.34816 0.34854 0.34894 0.34965 0.35059 0.3545 0.37213 0.45578
3658.5 4635.1 6044.3 6095.9 5667 4986.8 4311.8 2305.7 1819.5 1712.3 1570.3 982.41 304.87 105.79 57.64 49.585 39.91 20.396 10.379 2.2043 0.85437 0.49646 0.34593 0.3447 0.39776 0.35976 0.34261 0.34282 0.3432 0.34376 0.34454 0.34562 0.34726 0.34776 0.3482 0.34856 0.34906 0.34965 0.35062 0.3545 0.37213 0.45578
19873 19873 19954 17739 14648 11268 9078.5 3676.2 2247.5 1986.7 1827 1185 385.42 137.49 80.195 56.611 48.215 21.551 13.702 3.4689 0.92439 0.5499 0.35591 0.34461 0.61952 0.4036 0.34293 0.34287 0.34304 0.34337 0.3439 0.34467 0.34575 0.34739 0.34805 0.3486 0.34909 0.34977 0.35062 0.3545 0.37213 0.45578
1.6739e+05 1.6739e+05 69182 54695 42656 28961 22399 7713.6 3514.9 2702.5 2315.9 1535.7 518.1 174.45 112.07 75.939 55.963 23.862 17.944 5.7353 1.0333 0.63063 0.37842 0.34821 0.52633 0.82665 0.34764 0.34357 0.34338 0.34341 0.34365 0.34413 0.34488 0.34597 0.34762 0.34846 0.34915 0.34981 0.35075 0.35451 0.37213 0.45578
9.3739e+05 6.7297e+05 9.3739e+05 2.9219e+05 2.1702e+05 1.4184e+05 1.0367e+05 25629 7221.4 4584 3457.2 2117.1 720.27 220.4 151.53 108.04 70.607 29.315 23.172 6.0703 1.225 0.74541 0.42055 0.35882 0.45859 0.93505 0.3599 0.34571 0.34479 0.34425 0.34404 0.34414 0.34452 0.34523 0.34631 0.34799 0.34903 0.3499 0.35081 0.35455 0.37214 0.45577
1.6568e+06 1.5058e+06 1.156e+06 9.7895e+05 1.6568e+06 5.4352e+05 3.9717e+05 89018 22951 12270 7680.2 3376.5 1098 298.79 205.19 153.63 98.972 43.098 29.187 9.3011 1.6765 0.91209 0.49783 0.38544 0.42453 0.95329 0.39136 0.35161 0.34859 0.34689 0.34575 0.34513 0.34495 0.34518 0.34579 0.34686 0.34856 0.34982 0.35094 0.3547 0.37215 0.45578
1.9636e+06 1.8618e+06 1.6499e+06 1.5291e+06 1.9636e+06 1.1288e+06 1.0269e+06 2.7167e+05 71788 38211 23388 7496.3 1978.1 491.42 313.28 232.17 153.39 65.388 37.33 13.649 2.9162 1.1554 0.65736 0.4517 0.43293 0.92737 0.46853 0.36553 0.35848 0.35363 0.3505 0.34832 0.34699 0.34633 0.34624 0.34669 0.3477 0.34942 0.35096 0.35482 0.37218 0.45578
2.0737e+06 1.994e+06 1.8176e+06 1.7312e+06 1.6173e+06 1.4372e+06 1.2846e+06 5.4671e+05 1.7358e+05 95787 59340 18332 4137 1016.6 2.0737e+06 429.75 277.15 106.39 54.81 21.098 5.666 1.6352 1.0317 0.61996 0.51132 0.91879 0.64632 0.39865 0.3816 0.3703 0.36246 0.35658 0.35268 0.35013 0.34863 0.348 0.34813 0.349 0.35074 0.35511 0.37226 0.45579
2.1033e+06 2.0435e+06 1.8781e+06 1.8023e+06 1.7115e+06 1.5777e+06 1.6213e+06 8.4127e+05 3.3928e+05 2.0208e+05 1.2986e+05 42397 9118.4 2306.6 1418.4 996.49 635.83 221.2 100.5 39.381 8.5205 2.977 1.9028 1.0547 0.73622 0.99141 0.99593 0.47787 0.43534 0.40894 0.38927 0.3764 0.36675 0.35998 0.35539 0.35248 0.35089 0.35044 0.35103 0.35559 0.37253 0.45582
2.1333e+06 2.0543e+06 1.8996e+06 1.8327e+06 1.7468e+06 1.6397e+06 1.5537e+06 2.1333e+06 5.6801e+05 3.6592e+05 2.5039e+05 91706 20279 5203.2 3359.5 2440.7 1601.3 572.54 250.12 92.393 23.141 7.8593 4.1504 2.2847 1.3813 1.2781 1.5584 0.67502 0.56152 0.49897 0.45449 0.42174 0.39981 0.38355 0.37205 0.36408 0.35881 0.35562 0.35416 0.35673 0.37292 0.45589
2.1409e+06 2.064e+06 1.921e+06 1.852e+06 1.7345e+06 1.4113e+06 1.6047e+06 1.2429e+06 8.147e+05 5.7462e+05 4.2341e+05 2.1409e+06 43796 11356 7575 5717.2 3922.5 1510.2 605.63 215.89 60.785 21.969 10.012 5.6692 3.2313 2.2355 2.4508 1.1844 0.872 0.71388 0.60613 0.53004 0.47572 0.4383 0.41109 0.3918 0.37831 0.36915 0.36331 0.35939 0.37394 0.45609
2.1105e+06 2.0486e+06 1.9119e+06 1.8421e+06 1.7665e+06 1.6868e+06 1.6219e+06 1.2848e+06 9.7036e+05 7.7777e+05 6.1937e+05 3.1113e+05 89374 23508 15851 12442 9079.8 3790.4 1454.3 508.52 150.06 51.081 25.04 14.381 8.3118 5.0467 4.2572 2.5028 1.6669 1.2521 0.9757 0.78758 0.65723 0.56546 0.5017 0.45617 0.42399 0.40142 0.38591 0.36846 0.37642 0.45659
2.038e+06 1.9855e+06 1.8654e+06 1.3114e+06 1.7383e+06 1.6608e+06 1.6088e+06 1.3748e+06 1.097e+06 9.3246e+05 7.9057e+05 4.48e+05 1.5794e+05 46750 32423 25512 18992 8562.7 3249.3 1169.7 367.6 130.23 63.247 35.836 21.569 12.659 8.6922 5.8761 3.723 2.6256 1.9088 1.4251 1.0979 0.87282 0.71447 0.60688 0.53025 0.47648 0.43888 0.39139 0.38236 0.45796
1.8697e+06 1.8442e+06 1.7477e+06 1.6979e+06 1.6417e+06 1.5713e+06 1.5214e+06 1.3275e+06 1.1688e+06 1.0496e+06 9.3806e+05 6.295e+05 2.6307e+05 79864 53944 41562 30595 14608 6748.9 2429.9 859.34 320.05 149.68 86.395 53.896 32.212 20.506 13.936 8.9918 6.142 4.2881 3.0461 2.2023 1.6346 1.2423 0.96846 0.78338 0.65313 0.56262 0.44554 0.39569 0.46106
1.545e+06 1.535e+06 1.4922e+06 1.4555e+06 1.4221e+06 1.3777e+06 1.3455e+06 1.2125e+06 1.086e+06 1.0071e+06 9.3192e+05 6.9895e+05 3.6818e+05 1.3717e+05 97404 77134 58014 28872 12359 4659 1832.7 746.32 357.37 204.66 129.05 80.677 50.72 33.663 22.325 15.105 10.374 7.1917 5.0298 3.5662 2.5696 1.8821 1.4037 1.0834 0.85954 0.5724 0.42865 0.46875
9.8188e+05 1.002e+06 1.0102e+06 1.008e+06 9.9798e+05 9.8802e+05 9.7582e+05 9.3349e+05 8.8963e+05 8.5834e+05 8.2681e+05 7.0393e+05 4.2596e+05 1.8101e+05 1.2933e+05 1.0199e+05 75906 47721 22513 9001.8 3752.9 1677.3 836.27 487.3 305.44 201.24 129.43 83.291 56.057 38.01 25.962 17.841 12.298 8.5412 5.9636 4.207 2.9967 2.158 1.5984 0.87764 0.50684 0.4871
3.8996e+05 4.019e+05 4.1988e+05 4.2718e+05 4.3478e+05 4.4279e+05 4.5128e+05 4.7755e+05 5.0581e+05 5.2133e+05 5.3036e+05 5.2972e+05 4.0821e+05 2.1717e+05 1.6503e+05 1.3481e+05 1.0357e+05 55847 31221 15497 8750 3575.7 1868.7 1097.7 714.33 477.69 314.4 207.84 140.88 95.934 65.678 45.062 30.978 21.314 14.713 10.17 7.0702 4.9407 3.4673 1.6384 0.69229 0.53012
73756 71631 71122 71743 72881 74974 77051 1.3549e+05 1.6484e+05 1.8486e+05 2.0436e+05 2.6263e+05 2.8713e+05 1.9834e+05 1.6278e+05 1.3988e+05 1.1402e+05 67968 41352 23956 13168 7011.3 4049 2494.6 1650.9 1118.9 760.68 513.28 350.06 241.05 166.01 114.26 78.625 54.034 37.157 25.521 17.527 12.071 8.3195 3.5803 1.146 0.62732
3.3482e+05 3.61e+05 3.87e+05 3.9457e+05 4.0136e+05 4.0956e+05 4.1287e+05 4.2518e+05 4.279e+05 4.2553e+05 4.2008e+05 3.8831e+05 2.9465e+05 1.8643e+05 1.5472e+05 1.3463e+05 1.1145e+05 67922 43292 28058 18301 11858 7764.3 5253.9 3710.6 2527.6 1783.8 1243.6 861.89 599.96 417.12 289 199.69 137.59 94.617 64.938 44.455 30.387 20.789 8.5529 2.2931 0.86018
1.0733e+06 1.0493e+06 1.0073e+06 9.8782e+05 9.6523e+05 9.3803e+05 9.1894e+05 8.346e+05 7.4746e+05 8.2839e+05 6.5007e+05 5.239e+05 3.132e+05 2.083e+05 1.6618e+05 1.4514e+05 1.1712e+05 67348 43328 31219 23541 17151 13114 9992.9 7448.8 5695.9 4052.3 2924 2090.5 1477.3 1039.7 726.79 505.37 349.84 241.17 165.7 113.51 77.48 52.768 21.478 5.2438 1.4349
1.7885e+06 1.7368e+06 1.6616e+06 1.6295e+06 1.5908e+06 1.5516e+06 1.5217e+06 1.3897e+06 1.2426e+06 1.1556e+06 1.0763e+06 8.5216e+05 5.3859e+05 2.9408e+05 2.2992e+05 1.9074e+05 1.4777e+05 78295 46288 34410 28542 22903 20611 17912 14864 11846 9155.1 6875.3 5043.3 3634.6 2590.5 1827.5 1279 889.28 615.12 423.46 290.36 198.44 135.09 54.641 12.849 2.8997
2.2275e+06 2.1642e+06 2.073e+06 2.0345e+06 1.9926e+06 1.9417e+06 1.9065e+06 1.7545e+06 1.5924e+06 1.4993e+06 1.4156e+06 1.1796e+06 8.2495e+05 4.9235e+05 3.9193e+05 3.2765e+05 2.5484e+05 1.3292e+05 81369 59224 48325 41833 37002 32596 28367 24033 19559 15412 11751 8725.5 6343.6 4540.1 3210.1 2248.6 1563 1079.8 742.05 507.67 346.06 139.64 32.513 6.6886
2.6346e+06 2.5598e+06 2.4884e+06 2.4422e+06 2.3922e+06 2.3312e+06 2.256e+06 2.0768e+06 1.8856e+06 1.776e+06 1.6775e+06 1.4022e+06 1.003e+06 6.4952e+05 5.4327e+05 4.7355e+05 3.9131e+05 2.3713e+05 1.5918e+05 1.2094e+05 1.0024e+05 87003 76903 68024 59510 50984 42540 34437 27028 20608 15322 11159 7993.6 5653.2 3956.1 2745.7 1893.1 1298.1 886 358.21 83.057 16.493
2.9816e+06 2.8971e+06 2.7757e+06 2.7244e+06 2.6686e+06 2.6007e+06 2.5539e+06 2.3516e+06 2.1358e+06 2.0119e+06 1.9008e+06 1.5899e+06 1.1387e+06 7.3914e+05 6.1935e+05 5.4104e+05 4.4907e+05 2.7891e+05 1.9529e+05 1.5674e+05 1.3855e+05 1.2901e+05 1.2235e+05 1.1551e+05 1.0707e+05 96719 84767 71893 58926 46700 35869 26806 19582 14047 9932.1 6944.3 4812.3 3311.5 2265.7 919.09 212.94 41.754
3.266e+06 3.1735e+06 3.0407e+06 2.9845e+06 2.9236e+06 2.8493e+06 2.7981e+06 2.5768e+06 2.3408e+06 2.2054e+06 2.0838e+06 1.7438e+06 1.2501e+06 8.1253e+05 6.8122e+05 5.9533e+05 4.9443e+05 3.0746e+05 2.1542e+05 1.7307e+05 1.5372e+05 1.4539e+05 1.4281e+05 1.4307e+05 1.4375e+05 1.4236e+05 1.369e+05 1.2663e+05 1.1217e+05 95115 77356 60569 45886 33829 24401 17303 12111 8390.8 5767.9 2353.1 546.31 106.54
3.4927e+06 3.3939e+06 3.2519e+06 3.1919e+06 3.1267e+06 3.0473e+06 2.9926e+06 2.7563e+06 2.5041e+06 2.3594e+06 2.2296e+06 1.8664e+06 1.3389e+06 8.7107e+05 7.3058e+05 6.3867e+05 5.3065e+05 3.3031e+05 2.3157e+05 1.8607e+05 1.6521e+05 1.5618e+05 1.5342e+05 1.5445e+05 1.5802e+05 1.6321e+05 1.6849e+05 1.7132e+05 1.6878e+05 1.5902e+05 1.4236e+05 1.2102e+05 98057 76186 57166 41723 29800 20941 14536 6002.8 1399.3 273.52
3.6697e+06 3.5659e+06 3.4167e+06 3.3537e+06 3.2852e+06 3.2019e+06 3.1445e+06 2.8963e+06 2.6315e+06 2.4796e+06 2.3434e+06 1.962e+06 1.4082e+06 9.1676e+05 7.6912e+05 6.725e+05 5.5893e+05 3.4818e+05 2.4421e+05 1.9626e+05 1.7425e+05 1.6469e+05 1.6171e+05 1.6268e+05 1.6637e+05 1.7217e+05 1.7976e+05 1.8873e+05 1.9781e+05 2.0426e+05 2.0429e+05 1.9492e+05 1.7587e+05 1.4987e+05 1.2115e+05 93615 69740 50502 35793 15177 3586 701.95
3.8056e+06 3.698e+06 3.5433e+06 3.478e+06 3.407e+06 3.3206e+06 3.2611e+06 3.0038e+06 2.7294e+06 2.572e+06 2.4307e+06 2.0354e+06 1.4614e+06 9.5184e+05 7.9872e+05 6.9849e+05 5.8065e+05 3.6191e+05 2.5393e+05 2.041e+05 1.8121e+05 1.7125e+05 1.6811e+05 1.6907e+05 1.7282e+05 1.7875e+05 1.8655e+05 1.9607e+05 2.0719e+05 2.1961e+05 2.3211e+05 2.4175e+05 2.4394e+05 2.3459e+05 2.1279e+05 1.8166e+05 1.4662e+05 1.1284e+05 83606 37577 9145 1800
