0.34297 0.34281 0.3427 0.34268 0.34266 0.34252 0.34267 0.34263 0.34297 0.3427 0.34274 0.34297 0.34297 0.34297 0.34297 0.34297 0.34297 0.34297 0.34297 0.34707 0.34734 0.34883 0.34724 0.34714 0.34714 0.34714 0.34716 0.34719 0.34724 0.3473 0.34739 0.34751 0.34766 0.34788 0.34816 0.34855 0.34907 0.34978 0.35076 0.35468 0.3724 0.45616
0.33489 0.34457 0.34405 0.34391 0.34341 0.34365 0.34358 0.34324 0.3432 0.34315 0.34311 0.34307 0.34312 0.33489 9.4753 0.34354 0.33489 0.33489 0.33489 0.34639 0.3471 0.41997 0.34728 0.34726 0.34716 0.34717 0.34717 0.3472 0.34724 0.34731 0.34739 0.34751 0.34767 0.34788 0.34816 0.34855 0.34907 0.34978 0.35075 0.35468 0.37239 0.45591
0.327 0.327 0.327 0.34138 0.34724 0.34644 0.34622 0.34548 0.34493 0.34457 0.34443 0.3441 0.34374 0.34358 0.327 0.34365 0.34364 0.327 0.327 0.34518 0.34637 0.47424 0.34736 0.34732 0.34729 0.34719 0.3472 0.34721 0.34725 0.34731 0.34739 0.34751 0.34767 0.34788 0.34816 0.34856 0.34907 0.34978 0.35076 0.35466 0.37232 0.45558
0.73815 0.31142 0.30252 0.2957 0.29289 0.33772 0.33554 0.33367 0.34722 0.34642 0.3471 0.34747 0.34584 0.34495 0.34472 0.34458 0.40182 0.34421 0.73815 0.34464 0.34532 0.36381 0.34724 0.34743 0.34738 0.34735 0.34734 0.34725 0.34727 0.34732 0.3474 0.34751 0.34767 0.34788 0.34816 0.34855 0.34907 0.34978 0.35075 0.35467 0.37233 0.45495
1.1791 0.36149 0.31997 0.32877 0.35746 0.37588 0.35853 0.42135 0.44411 0.41244 0.38894 0.35268 0.35023 0.34899 0.34824 0.34781 0.34715 4.7121 1.4211 1.1791 0.34512 0.3503 0.34659 0.34742 1.1791 0.34748 0.34743 0.34742 0.34733 0.34735 0.34742 0.34753 0.34768 0.34788 0.34817 0.34856 0.34908 0.34978 0.35075 0.35467 0.37233 0.45396
0.37487 0.47134 0.35225 0.36177 0.41528 0.43438 0.37869 0.35672 0.42374 0.41363 0.3932 0.36092 0.36394 0.35789 0.3559 0.35481 0.35396 0.35109 0.34869 0.34716 0.3463 1.4474 0.34622 0.34696 0.34773 0.34776 0.34766 0.34756 0.34753 0.34744 0.34748 0.34756 0.3477 0.3479 0.34818 0.34856 0.34908 0.34978 0.35075 0.35467 0.37235 0.4531
0.48144 0.44631 0.43022 0.46017 0.57681 0.70592 0.68946 0.61263 0.52526 0.46965 0.44939 0.38073 0.39025 0.38461 0.37947 0.37616 0.37209 0.36339 0.35773 0.35357 0.35054 8.5978 0.34761 0.3473 0.34767 0.34828 0.34813 0.34794 0.34778 0.3477 0.34759 0.34763 0.34774 0.34793 0.3482 0.34858 0.34909 0.34979 0.35076 0.35468 0.37234 0.45246
0.96735 0.77925 0.5763 0.59159 0.96735 0.99945 1.2223 0.8887 0.82458 0.69857 0.63778 0.49465 0.45298 0.44293 0.43111 0.42334 0.41891 0.39746 0.381 0.36998 0.36204 0.35656 0.35279 0.35046 0.34925 0.34897 0.34923 0.34879 0.34842 0.34814 0.34799 0.34783 0.34787 0.34798 0.34831 0.34862 0.34912 0.34981 0.35077 0.35468 0.37235 0.45214
1.9437 1.7928 1.0931 1.079 1.1922 1.6023 2.0464 1.7412 1.2816 1.1604 1.0542 0.80131 0.6658 0.58736 0.56384 0.5687 0.53528 0.47724 0.44223 0.41251 0.39168 0.37727 0.36719 0.36013 0.3555 0.35269 0.35131 0.3509 0.34993 0.34924 0.34873 0.34845 0.34822 0.34825 0.34842 0.34875 0.34936 0.34985 0.3508 0.35469 0.37235 0.45203
4.8168 4.2985 2.6704 2.3763 2.4565 2.7441 3.8858 3.9661 2.6296 2.325 2.1055 1.7622 1.2492 1.0072 0.93818 0.89396 0.81879 0.69699 0.58989 0.5224 0.46841 0.43056 0.40425 0.38573 0.37303 0.36435 0.35874 0.35543 0.35379 0.35191 0.35062 0.34972 0.34917 0.34883 0.34882 0.34901 0.34936 0.35017 0.35119 0.35472 0.37236 0.45194
11.531 10.49 7.9778 6.8308 6.2583 6.6581 7.4195 9.7794 6.4011 5.3948 4.8151 3.836 2.687 2.0544 1.8753 1.7475 1.6579 1.2317 0.98838 0.79645 0.66457 0.56704 0.49885 0.45165 0.41847 0.39557 0.3798 0.3693 0.36262 0.35878 0.35531 0.35298 0.35138 0.3504 0.3498 0.34964 0.34966 0.35026 0.3513 0.35485 0.37237 0.45194
28.85 25.738 27.465 24.03 20.662 19.453 19.509 26.311 17.183 14.019 12.275 9.5045 6.6982 4.845 4.3461 4.0518 3.6551 2.7777 1.9712 1.5092 1.1544 0.91596 0.74037 0.61973 0.53434 0.4755 0.43474 0.4066 0.38759 0.37508 0.36737 0.36113 0.35699 0.35415 0.3524 0.35131 0.35087 0.35096 0.35173 0.35561 0.37241 0.45194
71.452 67.962 87.137 90.156 82.285 72.976 64.723 67.918 50.469 41.143 34.659 25.303 18.405 12.902 10.964 10.026 9.1291 6.3701 4.5693 3.3168 2.4327 1.7943 1.3597 1.0462 0.82994 0.67942 0.57437 0.50231 0.45288 0.41914 0.39656 0.38208 0.37111 0.3638 0.35885 0.35574 0.35377 0.35296 0.35283 0.35585 0.37268 0.45195
174.22 159.17 232.94 276.88 282.51 246.31 229.27 194.16 147.35 117.91 101.31 71.253 50.607 34.327 29.448 26.412 23.259 16.364 11.468 8.0314 5.7025 4.074 2.9383 2.1422 1.5828 1.1972 0.93053 0.74628 0.61905 0.53244 0.47327 0.43337 0.40713 0.38814 0.37536 0.3667 0.36121 0.35776 0.3561 0.357 0.37309 0.45199
344.64 344.64 547.78 713.95 839.28 819.52 752.4 548.77 437.37 353.2 298.41 202.35 138.92 91.532 79.682 72.396 61.515 43.032 29.373 20.667 14.203 9.9521 6.9902 4.9661 3.5177 2.5215 1.8378 1.3664 1.0424 0.82053 0.66883 0.56585 0.49622 0.44985 0.41712 0.39494 0.38005 0.37045 0.36433 0.36019 0.37577 0.45206
657.14 657.14 1158.9 1612 2182.7 2485.3 2466.2 1816.1 1366.8 1111.2 916.57 591.31 378.55 252.07 215.46 192.38 165.03 111.99 76.209 52.543 36.418 25.361 17.463 12.188 8.4799 5.9295 4.1607 2.9529 2.1222 1.5537 1.1663 0.90286 0.72384 0.6032 0.52245 0.46622 0.42807 0.40244 0.38579 0.36798 0.37626 0.45224
1204.7 1188.8 1204.7 3046 4680 6477.8 6874.6 5027.8 3630.7 3332.5 2905.3 1948.7 1107.5 712.58 601.06 532.92 454.9 298.11 200.95 136.58 93.454 64.358 44.487 30.752 21.234 14.676 10.148 7.0206 4.8912 3.4315 2.4365 1.7609 1.3038 0.99378 0.7851 0.64552 0.54925 0.484 0.44039 0.38879 0.38028 0.45348
2105.4 2175.9 3135.4 4491.9 2105.4 12388 15054 14470 10206 8332.2 7054.5 4714.6 2957.6 1991.4 1666.4 1470.1 1242.9 803.68 532.81 359.06 243.45 166.61 114.24 78.526 54.084 37.169 25.523 17.509 11.992 8.2526 5.695 3.9584 2.784 1.9893 1.4541 1.0947 0.85418 0.68969 0.5783 0.44283 0.39097 0.45468
3447.8 3839.6 4902.1 6369.2 3447.8 17571 23755 32661 24941 21279 18729 12060 7838.7 5213.3 4492.5 3962.7 3337.6 2130 1397.2 935.2 632.84 431.07 295.14 202.1 138.54 95.105 65.081 44.458 30.318 20.623 14.07 9.6031 6.5811 4.5381 3.1637 2.2404 1.6215 1.2081 0.927 0.57799 0.42152 0.46045
5276.1 6472.1 8509.4 11337 14535 21143 27357 51085 48367 43422 39742 28883 19718 13199 5276.1 10029 8515 5550.2 3642.5 2423.3 1636.8 1113.8 761.1 520.58 356.52 243.78 166.84 113.78 77.405 52.538 35.645 24.117 16.338 11.085 7.5489 5.1749 3.5828 2.5186 1.8088 0.92288 0.49524 0.46882
8735.1 13479 18057 20568 23484 27551 31351 52628 60787 67797 85752 70730 44858 29971 26360 23754 20644 13125 8954.5 6072.9 4141.9 2834.3 1943.6 1333.2 914.25 626.06 427.4 291.7 198.26 134.52 90.612 61.44 41.426 27.916 18.818 12.709 8.614 5.875 4.0476 1.8001 0.68678 0.49416
14462 20348 32167 40788 51973 66106 72789 14462 1.6262e+05 1.5759e+05 1.5007e+05 1.2506e+05 87895 61679 56001 52043 46397 31808 22453 15055 10353 7169.5 4940.6 3401.8 2338.1 1603.3 1096.6 747.23 507.61 344.8 233.29 156.73 105.92 71.184 47.791 32.07 21.538 14.49 9.7865 4.0416 1.1755 0.562
25796 39616 57501 69569 89172 1.223e+05 1.4866e+05 2.4874e+05 3.0099e+05 3.0933e+05 3.1036e+05 25796 2.3652e+05 1.5581e+05 1.3778e+05 1.266e+05 1.1311e+05 79158 55000 38282 26439 18279 12633 8714.4 5996.6 4115.5 2815.7 1920.1 1305 884.04 598.68 403.91 270.93 182.41 122.26 81.847 54.749 36.623 24.52 9.7288 2.4256 0.72318
50997 72392 99681 1.1014e+05 1.2135e+05 1.5386e+05 1.8029e+05 4.0246e+05 6.7002e+05 7.5237e+05 7.7869e+05 7.2105e+05 5.413e+05 3.6826e+05 3.1779e+05 2.8607e+05 2.5092e+05 1.82e+05 1.2859e+05 91030 64376 45256 31631 22003 15230 10494 7199.2 4918.3 3348.2 2270 1534.2 1036.4 697.55 467.37 313.59 209.72 140.08 93.474 62.358 24.319 5.6539 0.88982
1.0549e+05 1.4678e+05 1.9934e+05 2.1891e+05 2.3846e+05 2.6009e+05 2.7375e+05 3.2279e+05 3.8342e+05 4.1906e+05 4.5098e+05 8.8965e+05 8.8341e+05 6.8795e+05 6.1914e+05 5.7247e+05 5.1465e+05 3.8706e+05 2.8981e+05 2.1436e+05 1.5603e+05 1.1195e+05 79361 55594 38797 26819 18403 12600 8587.2 5830.2 3941.7 2656.8 1790.4 1202.5 802.31 538.24 359.27 239.51 159.51 61.745 13.954 1.5669
2.3818e+05 3.1757e+05 4.1784e+05 4.5513e+05 4.9242e+05 5.3386e+05 5.6007e+05 6.5532e+05 7.325e+05 7.6868e+05 7.9739e+05 8.6436e+05 9.2337e+05 9.2057e+05 9.005e+05 8.8181e+05 8.5173e+05 7.4435e+05 6.4329e+05 5.0292e+05 3.7675e+05 2.7544e+05 1.9763e+05 1.3978e+05 97919 68027 46941 32204 21983 14944 10117 6824.6 4589.7 3086 2067.9 1377.3 922.28 614.54 408.99 157.75 35.035 3.3065
6.2138e+05 7.6952e+05 9.5404e+05 1.0221e+06 1.0898e+06 1.1647e+06 1.2121e+06 1.3842e+06 1.5246e+06 1.5905e+06 1.6426e+06 1.7593e+06 1.8775e+06 1.888e+06 1.8672e+06 1.844e+06 1.8017e+06 1.6293e+06 1.3943e+06 1.1338e+06 8.8236e+05 6.6306e+05 4.8517e+05 3.4773e+05 2.4595e+05 1.7202e+05 1.1926e+05 82098 56181 38252 25937 17512 11788 7910.8 5308 3550 2358.3 1577.8 1049.7 404.07 88.85 7.7437
1.9885e+06 2.2075e+06 2.4914e+06 2.5962e+06 2.7004e+06 2.8153e+06 2.8878e+06 3.1502e+06 3.3637e+06 3.4643e+06 3.544e+06 3.7233e+06 3.8902e+06 3.9295e+06 3.9056e+06 3.8739e+06 3.8116e+06 3.534e+06 3.1148e+06 2.6112e+06 2.0891e+06 1.6058e+06 1.1952e+06 8.6706e+05 6.1864e+05 4.3539e+05 3.032e+05 2.0938e+05 1.4361e+05 97948 66483 44952 30271 20340 13612 9115 6084.7 4035.4 2695.6 1036.5 226.6 19.358
7.6889e+06 7.5886e+06 7.6284e+06 7.6655e+06 7.7098e+06 7.7654e+06 7.8037e+06 7.958e+06 8.095e+06 8.1613e+06 8.2139e+06 8.328e+06 8.4033e+06 8.3306e+06 8.2562e+06 8.1825e+06 8.0552e+06 7.5416e+06 6.7907e+06 5.8528e+06 4.8285e+06 3.8078e+06 2.8971e+06 2.1394e+06 1.5426e+06 1.0951e+06 7.6734e+05 5.3226e+05 3.6625e+05 2.5037e+05 1.7023e+05 1.1522e+05 77703 52215 35000 23376 15624 10412 6894.6 2660.8 579.57 111.18
2.7164e+07 2.5502e+07 2.4004e+07 2.3541e+07 2.3113e+07 2.2672e+07 2.2408e+07 2.2857e+07 2.2872e+07 2.3313e+07 2.3904e+07 2.6864e+07 1.9797e+07 1.8178e+07 1.7857e+07 1.7604e+07 1.7234e+07 1.6052e+07 1.4573e+07 1.28e+07 1.0821e+07 8.7848e+06 6.8607e+06 5.1787e+06 3.796e+06 2.7282e+06 1.9287e+06 1.3464e+06 9.3069e+05 6.3835e+05 4.3508e+05 2.9499e+05 1.9915e+05 1.3395e+05 89842 60062 40070 26736 17778 6833 1484.9 278.45
5.2046e+07 5.1499e+07 5.117e+07 5.103e+07 5.0855e+07 5.0606e+07 5.0414e+07 4.9452e+07 4.8307e+07 4.7631e+07 4.7021e+07 4.5301e+07 4.2692e+07 3.996e+07 3.8945e+07 3.8186e+07 3.7139e+07 3.4172e+07 3.0964e+07 2.7448e+07 2.3702e+07 1.9741e+07 1.5839e+07 1.2261e+07 9.1788e+06 6.708e+06 4.8014e+06 3.3821e+06 2.3532e+06 1.6217e+06 1.1091e+06 7.5384e+05 5.0984e+05 3.4339e+05 2.3048e+05 1.5428e+05 1.0295e+05 68577 45680 17490 3808.6 707.01
7.6242e+07 7.5613e+07 7.5883e+07 7.6147e+07 7.6476e+07 7.6904e+07 7.7207e+07 7.8478e+07 7.9628e+07 8.0164e+07 8.0561e+07 8.123e+07 8.0902e+07 7.8788e+07 7.7584e+07 7.6558e+07 7.4992e+07 6.9905e+07 6.3903e+07 5.7246e+07 5.0102e+07 4.2652e+07 3.5177e+07 2.7973e+07 2.1565e+07 1.6128e+07 1.1756e+07 8.3942e+06 5.8987e+06 4.0944e+06 2.8147e+06 1.9203e+06 1.3023e+06 8.7883e+05 5.907e+05 3.9571e+05 2.6441e+05 1.7616e+05 1.1716e+05 45094 9775.2 1814
1.0191e+08 1.0096e+08 1.0119e+08 1.0148e+08 1.0187e+08 1.0239e+08 1.0277e+08 1.0449e+08 1.0637e+08 1.0746e+08 1.0844e+08 1.1128e+08 1.1569e+08 1.1989e+08 1.2109e+08 1.218e+08 1.2245e+08 1.2198e+08 1.1747e+08 1.0988e+08 9.956e+07 8.7435e+07 7.4405e+07 6.1268e+07 4.8774e+07 3.7569e+07 2.8078e+07 2.0452e+07 1.4589e+07 1.0238e+07 7.0947e+06 4.8683e+06 3.315e+06 2.2437e+06 1.5113e+06 1.014e+06 6.7812e+05 4.524e+05 3.0108e+05 1.1579e+05 25069 4636.1
1.2508e+08 1.2384e+08 1.2402e+08 1.2435e+08 1.2479e+08 1.2538e+08 1.2581e+08 1.2779e+08 1.2995e+08 1.3121e+08 1.3236e+08 1.357e+08 1.4132e+08 1.4818e+08 1.5097e+08 1.5312e+08 1.5615e+08 1.6444e+08 1.7115e+08 1.7369e+08 1.7001e+08 1.5967e+08 1.4382e+08 1.2443e+08 1.0357e+08 8.3061e+07 6.4317e+07 4.8252e+07 3.5233e+07 2.5166e+07 1.7666e+07 1.2236e+07 8.388e+06 5.7044e+06 3.8553e+06 2.5928e+06 1.737e+06 1.16e+06 7.7278e+05 2.9692e+05 64470 11885
1.4706e+08 1.4554e+08 1.4767e+08 1.4802e+08 1.485e+08 1.4917e+08 1.4765e+08 1.4987e+08 1.5232e+08 1.5375e+08 1.5504e+08 1.5882e+08 1.6518e+08 1.7292e+08 1.7609e+08 1.7857e+08 1.8213e+08 1.9288e+08 2.0508e+08 2.179e+08 2.2908e+08 2.3488e+08 2.3175e+08 2.1821e+08 1.9561e+08 1.6721e+08 1.3675e+08 1.0742e+08 8.1435e+07 5.99e+07 4.2988e+07 3.026e+07 2.0986e+07 1.439e+07 9.7819e+06 6.6055e+06 4.4378e+06 2.9695e+06 1.9806e+06 7.6272e+05 1.6562e+05 30493
1.6582e+08 1.6405e+08 1.6413e+08 1.645e+08 1.6501e+08 1.6573e+08 1.6626e+08 1.6868e+08 1.7137e+08 1.7293e+08 1.7435e+08 1.7852e+08 1.8553e+08 1.9407e+08 1.9757e+08 2.0031e+08 2.0423e+08 2.1606e+08 2.2961e+08 2.4487e+08 2.6168e+08 2.7918e+08 2.9481e+08 3.0384e+08 3.0109e+08 2.8381e+08 2.5342e+08 2.1463e+08 1.7319e+08 1.3395e+08 9.9956e+07 7.2451e+07 5.1329e+07 3.5737e+07 2.4555e+07 1.6706e+07 1.1282e+07 7.5763e+06 5.0659e+06 1.9578e+06 4.2545e+05 78268
1.8121e+08 1.7923e+08 1.7926e+08 1.7965e+08 1.8018e+08 1.8094e+08 1.815e+08 1.8408e+08 1.8695e+08 1.8863e+08 1.9015e+08 1.9462e+08 2.0216e+08 2.1136e+08 2.1514e+08 2.1809e+08 2.2232e+08 2.3511e+08 2.4974e+08 2.6618e+08 2.8437e+08 3.042e+08 3.2545e+08 3.4726e+08 3.6686e+08 3.7868e+08 3.7596e+08 3.5453e+08 3.1567e+08 2.6561e+08 2.1228e+08 1.6235e+08 1.1976e+08 8.5878e+07 6.0261e+07 4.1606e+07 2.8385e+07 1.9195e+07 1.2896e+07 5.0132e+06 1.0923e+06 2.007e+05
1.9348e+08 1.9134e+08 1.9132e+08 1.9171e+08 1.9227e+08 1.9305e+08 1.9364e+08 1.9634e+08 1.9935e+08 2.0111e+08 2.0272e+08 2.0742e+08 2.1537e+08 2.2509e+08 2.2908e+08 2.322e+08 2.3668e+08 2.5022e+08 2.6574e+08 2.8319e+08 3.0249e+08 3.235e+08 3.4606e+08 3.6999e+08 3.9507e+08 4.2044e+08 4.4324e+08 4.5726e+08 4.5427e+08 4.2854e+08 3.8102e+08 3.193e+08 2.5358e+08 1.9243e+08 1.408e+08 1.0019e+08 6.9799e+07 4.7891e+07 3.2495e+07 1.2789e+07 2.7985e+06 5.1616e+05
2.0308e+08 2.0079e+08 2.0073e+08 2.0114e+08 2.0171e+08 2.0251e+08 2.0311e+08 2.059e+08 2.0902e+08 2.1085e+08 2.1251e+08 2.1739e+08 2.2565e+08 2.3576e+08 2.3991e+08 2.4317e+08 2.4783e+08 2.6196e+08 2.7816e+08 2.964e+08 3.1659e+08 3.3859e+08 3.622e+08 3.8721e+08 4.1344e+08 4.4067e+08 4.6869e+08 4.9673e+08 5.2195e+08 5.3763e+08 5.3423e+08 5.0438e+08 4.4844e+08 3.751e+08 2.9679e+08 2.2412e+08 1.6309e+08 1.154e+08 7.9983e+07 3.2332e+07 7.1726e+06 1.3255e+06
2.1045e+08 2.0806e+08 2.0797e+08 2.0838e+08 2.0895e+08 2.0977e+08 2.1039e+08 2.1325e+08 2.1644e+08 2.1831e+08 2.2002e+08 2.2503e+08 2.3353e+08 2.4392e+08 2.4821e+08 2.5156e+08 2.5636e+08 2.7092e+08 2.8764e+08 3.0649e+08 3.2736e+08 3.5012e+08 3.7456e+08 4.0047e+08 4.2762e+08 4.5577e+08 4.8475e+08 5.1438e+08 5.4447e+08 5.7438e+08 6.0131e+08 6.1827e+08 6.1451e+08 5.8101e+08 5.172e+08 4.3263e+08 3.418e+08 2.5739e+08 1.8665e+08 8.0038e+07 1.8292e+07 3.4e+06
