0.34165 0.34173 0.34183 0.34187 0.34191 0.34183 0.34192 0.34209 0.34165 0.3423 0.34237 0.34165 0.34165 0.34165 0.34165 0.34165 0.34165 0.34165 0.34165 0.34703 0.35159 0.36198 0.34722 0.34712 0.34713 0.34713 0.34715 0.34718 0.34723 0.34729 0.34738 0.3475 0.34765 0.34787 0.34815 0.34855 0.34906 0.34977 0.35075 0.35467 0.37239 0.45626
13.826 0.5362 0.3418 0.34182 0.34148 0.34188 0.3419 0.34186 0.34207 0.34212 0.34217 0.34231 0.34258 13.826 92.099 0.34625 13.826 13.826 13.826 0.34629 0.34702 0.491 0.34724 0.34723 0.34713 0.34715 0.34715 0.34718 0.34723 0.34729 0.34738 0.3475 0.34766 0.34787 0.34815 0.34854 0.34906 0.34977 0.35074 0.35467 0.37238 0.45618
559.49 559.49 559.49 0.78325 1.169 0.76709 0.63679 0.34197 0.34203 0.34195 0.34203 0.34219 0.34236 0.3426 559.49 0.34604 0.3463 559.49 559.49 0.34493 0.3462 0.51518 0.34727 0.34726 0.34725 0.34715 0.34718 0.34719 0.34723 0.3473 0.34738 0.3475 0.34766 0.34787 0.34815 0.34855 0.34907 0.34977 0.35075 0.35465 0.37231 0.4562
175.4 2.342 0.81159 0.78383 1.3004 1.1099 0.87368 0.62161 0.46516 0.46971 0.42103 0.34255 0.34232 0.34246 0.34252 0.34258 0.34267 0.34297 175.4 0.34403 0.36928 0.35915 0.34703 0.34728 0.34728 0.34727 0.34729 0.34721 0.34724 0.3473 0.34738 0.3475 0.34765 0.34787 0.34815 0.34854 0.34906 0.34977 0.35074 0.35466 0.37232 0.4562
61.563 5.4604 1.1574 0.79738 1.4212 1.163 0.89029 0.6385 0.47356 0.46701 0.46694 0.39535 0.4123 0.34259 0.3426 0.34268 0.34265 21.069 1.5844 61.563 0.34405 0.36672 0.34606 0.34705 61.563 0.34731 0.3473 0.34733 0.34726 0.3473 0.34739 0.3475 0.34766 0.34787 0.34815 0.34854 0.34907 0.34977 0.35074 0.35466 0.37232 0.4561
0.56063 11.168 0.8796 1.0264 0.77157 1.3891 0.75331 0.66844 0.49234 0.44893 0.45208 0.47304 0.42124 0.34355 0.34233 0.3427 0.34389 0.343 0.34304 0.34322 0.34356 3.6418 0.34489 0.34603 0.34708 0.34731 0.34735 0.34735 0.34738 0.34733 0.34739 0.3475 0.34766 0.34787 0.34816 0.34855 0.34907 0.34977 0.35074 0.35466 0.37233 0.45613
9.0555 7.402 10.594 15.906 31.123 2.6232 1.3158 1.3569 0.55611 0.47145 0.45874 0.44896 0.39154 0.34788 0.34438 0.34418 0.34464 0.34331 0.34344 0.34349 0.34353 37.188 0.34422 0.34495 0.34603 0.34715 0.34736 0.34741 0.34742 0.34746 0.34743 0.34752 0.34767 0.34787 0.34816 0.34855 0.34907 0.34977 0.35074 0.35466 0.37233 0.45612
12.498 6.5656 12.701 14.116 12.498 38.097 39.601 8.4282 15.592 4.2308 0.48138 0.62052 0.38673 0.35659 0.34561 0.34546 0.34473 0.34626 0.34507 0.34456 0.34422 0.3441 0.34415 0.34448 0.3451 0.34611 0.34726 0.34744 0.3475 0.34751 0.34757 0.34756 0.34768 0.34788 0.34817 0.34855 0.34907 0.34977 0.35074 0.35466 0.37233 0.45612
17.248 8.2913 14.148 13.578 19.222 33.105 40.816 12.673 14.817 18.5 13.605 4.0014 0.41958 0.37345 0.39653 0.35302 0.3553 0.35108 0.35066 0.34817 0.34657 0.34567 0.34512 0.34485 0.34495 0.34541 0.34629 0.34745 0.34758 0.34764 0.34765 0.34772 0.34774 0.34791 0.34818 0.34856 0.34908 0.34978 0.35075 0.35466 0.37234 0.45615
32.421 12.363 16.972 15.395 16.797 27.764 37.284 20.834 14.194 19.792 18.455 5.0243 4.927 2.6161 1.3282 0.73873 0.37997 0.37262 0.36613 0.35884 0.35374 0.35046 0.34833 0.3469 0.34612 0.34581 0.346 0.34667 0.34777 0.34783 0.34787 0.34786 0.34794 0.34799 0.34822 0.34859 0.3491 0.3498 0.35076 0.35467 0.37234 0.45613
56.666 22.613 20.807 19.756 18.621 24.522 32.773 33.542 15.199 20.064 22.673 7.5793 5.8173 3.2275 2.1342 1.1941 0.64469 0.49607 0.40577 0.38354 0.37588 0.36381 0.35728 0.35306 0.35017 0.34837 0.34736 0.34705 0.34737 0.34833 0.34824 0.34822 0.34817 0.34825 0.34835 0.34866 0.34914 0.34982 0.35077 0.35469 0.37234 0.45615
104.29 49.769 36.039 30.495 26.461 27.047 32.333 49.702 20.426 21.677 26.028 12.696 6.9129 4.0825 3.3184 2.1572 1.0611 0.64842 0.49557 0.4547 0.42128 0.40064 0.38065 0.37011 0.36137 0.35593 0.35233 0.35008 0.34891 0.34864 0.34929 0.34894 0.34878 0.34866 0.34872 0.34886 0.34928 0.3499 0.35083 0.35471 0.37234 0.45614
196.43 121.41 86.332 69.018 56.042 51.081 48.314 73.691 36.018 29.305 32.563 22.755 9.392 5.7143 4.9744 3.8409 2.0799 0.98637 0.73052 0.61982 0.54293 0.48732 0.44511 0.41356 0.39167 0.37638 0.366 0.35924 0.35484 0.35217 0.35088 0.35091 0.35011 0.34968 0.34941 0.34942 0.34959 0.35013 0.35097 0.35475 0.37238 0.45614
391.11 283.21 225.69 188.75 145.92 113.02 102.37 117.24 71.94 51.942 48.505 41.239 14.786 9.5904 8.078 6.9457 4.5353 1.8977 1.3505 1.0525 0.8427 0.70216 0.59759 0.52219 0.46733 0.42891 0.40209 0.38398 0.3713 0.36312 0.35784 0.35477 0.35357 0.35208 0.35116 0.3506 0.35048 0.35065 0.35133 0.35489 0.37245 0.45615
669.18 669.18 555.46 515.26 416.03 305.89 255.02 213.75 158.19 115.44 87.282 74.549 28.685 18.428 14.769 13.145 10.015 4.2875 2.9341 2.16 1.6249 1.2439 0.97569 0.79087 0.65494 0.55963 0.49308 0.44631 0.41446 0.39249 0.3774 0.36763 0.36148 0.35818 0.35539 0.3536 0.35248 0.35209 0.35222 0.35523 0.37249 0.45618
1132.8 1132.8 1076.3 1078.7 989.6 801.92 625.06 424.24 329.24 249.82 181.98 138.28 64.017 40.427 32.198 28.193 23.02 11.368 7.3722 5.0958 3.6421 2.6561 1.9494 1.4703 1.1242 0.88709 0.71915 0.6032 0.5221 0.46661 0.42831 0.40214 0.3844 0.37298 0.36609 0.36099 0.35762 0.35553 0.35461 0.3561 0.37264 0.45622
1874 1732.5 1874 2009.7 2038.6 1905.5 1625 882.99 663.29 593.73 452.97 298.34 165.09 99.732 80.689 69.018 57.135 31.997 19.99 13.162 9.1103 6.361 4.4779 3.2106 2.3284 1.7139 1.2894 0.99477 0.79231 0.65165 0.55547 0.48925 0.44367 0.41315 0.39255 0.37956 0.3704 0.3643 0.36047 0.35838 0.37315 0.45653
2911.8 2764.1 2557.7 2639.8 2911.8 3694.5 3491.2 2024 1303.7 1109.9 911.7 615.65 410.1 266.12 216.97 184.39 151.58 89.58 54.847 35.691 23.859 16.169 11.117 7.7178 5.4203 3.8335 2.7421 1.9907 1.471 1.1172 0.87306 0.7066 0.59193 0.5147 0.46136 0.42571 0.40233 0.3862 0.37541 0.36429 0.3744 0.45668
4017.4 4013.6 3893.3 3973.1 4017.4 6183.5 6295.5 4436.3 2839.7 2333.9 2008.1 1316.5 962.64 691.66 591.56 512.27 417.52 246.93 148.8 94.679 62.338 41.81 28.344 19.385 13.38 9.2758 6.4646 4.5327 3.2072 2.2953 1.6768 1.2527 0.96273 0.76813 0.6336 0.54282 0.48147 0.44061 0.41269 0.37908 0.37763 0.45723
4493.5 4888.4 6251.6 8822 9099.2 9564.2 9892.7 8566.2 5618.7 4667.6 4036.3 2921.5 2227.9 1687.8 4493.5 1317.1 1097.3 668.33 407.49 253.79 164.69 109.39 73.165 49.58 33.924 23.234 16.019 11.051 7.648 5.3182 3.7307 2.643 1.9022 1.4064 1.065 0.83552 0.68002 0.575 0.50472 0.41649 0.38594 0.45869
4395.1 10566 11357 11605 11992 12519 13078 13780 10714 9810.1 9898.2 7478.8 4767.7 3600.5 3307.9 3024.2 2590.4 1592.5 1022.5 651.61 424.97 282.54 188.98 127.6 86.853 59.284 40.51 27.777 19.031 13.066 8.9478 6.2041 4.3082 3.0329 2.1603 1.5742 1.1784 0.91158 0.73206 0.50952 0.40705 0.46251
4298.9 6021.4 7758.4 8415.1 9327.3 10522 16780 4298.9 26085 22241 19240 13606 9091.4 7295.3 6962.9 6667.9 6019.5 3905.1 2552.8 1663.7 1095 731.75 489.06 329.39 223.55 152.17 103.74 70.737 48.229 32.964 22.499 15.295 10.495 7.2038 4.9681 3.461 2.4456 1.7627 1.304 0.73987 0.46021 0.47212
2283.1 11229 16035 17689 19157 21115 22367 28191 30620 29471 27635 2283.1 21869 16399 16178 15561 14648 10224 6705.3 4342.9 2826.2 1875.6 1253.4 844.48 572.89 389.95 265.84 181.19 123.44 83.995 57.225 38.898 26.332 17.927 12.188 8.3102 5.6954 3.9393 2.7604 1.3111 0.59305 0.49727
4058.6 5214.7 6560.8 7045.1 7560.6 31701 35874 50390 58501 59138 57494 48572 36033 28074 27314 27527 27960 23289 15532 10248 6842.8 4604.5 3126.5 2126.8 1451.4 992.55 678.54 463.43 316.13 215.16 146.15 99.322 67.304 45.44 30.754 20.779 14.055 9.5333 6.4976 2.7659 0.92523 0.56105
7766.2 9702.3 11953 12856 13754 14783 15443 18035 22731 25747 28660 76788 74971 60879 56849 54915 53647 47541 34720 23932 16390 11264 7753.9 5329.7 3667.7 2525.5 1728.9 1184 808.94 551.44 374.81 254.1 172.28 116.43 78.222 52.855 35.559 23.921 16.111 6.4975 1.7644 0.72098
17133 19851 23407 25011 26702 28886 30242 35696 41269 44359 47034 54529 65532 72765 72245 71422 70140 64067 60034 52759 38039 26997 18922 13216 9185.1 6359.9 4388.5 3016.9 2066.8 1411.5 960.82 651.9 441.07 298.39 201.18 134.82 90.851 60.932 40.839 16.092 3.8873 1.1233
43462 46929 52413 55024 57944 61532 63969 73894 84579 90362 95526 1.0892e+05 1.2929e+05 1.4112e+05 1.4261e+05 1.4298e+05 1.4255e+05 1.3621e+05 1.217e+05 1.0217e+05 81913 62275 45376 32360 22803 15948 11079 7654.8 5264.2 3604.6 2458.9 1670.6 1131.6 764.14 515.85 347.06 231.9 156.04 104.4 40.766 9.3269 2.151
1.4111e+05 1.3583e+05 1.3713e+05 1.3981e+05 1.4344e+05 1.4849e+05 1.5222e+05 1.6918e+05 1.8736e+05 1.9755e+05 2.0649e+05 2.3022e+05 2.6164e+05 2.8483e+05 2.8952e+05 2.917e+05 2.9312e+05 3.0092e+05 2.8283e+05 2.4039e+05 1.9245e+05 1.4774e+05 1.0977e+05 79590 56842 40122 28058 19471 13432 9217.9 6296.9 4285.2 2904.3 1963.8 1322.3 890.67 598 398.71 267.74 104.18 23.304 4.8048
1.3191e+06 1.5236e+06 1.6861e+06 1.7226e+06 1.7518e+06 1.7887e+06 1.7926e+06 1.7733e+06 1.7191e+06 1.6622e+06 1.6373e+06 1.5295e+06 1.3826e+06 1.2189e+06 1.1481e+06 1.1015e+06 1.0375e+06 8.6102e+05 7.0876e+05 5.7732e+05 4.5987e+05 3.5622e+05 2.7071e+05 1.9864e+05 1.428e+05 1.014e+05 71258 49613 34317 23588 16135 10989 7457.7 5042.3 3400.2 2284.2 1535.2 1028.6 684.51 267.1 59.187 11.657
2.3649e+06 1.9347e+06 1.622e+06 1.5478e+06 1.4891e+06 1.4385e+06 1.4133e+06 1.6837e+06 1.7157e+06 1.7531e+06 1.7902e+06 1.9306e+06 2.1709e+06 2.3459e+06 2.3546e+06 2.3344e+06 2.2795e+06 1.9937e+06 1.6375e+06 1.3578e+06 1.0567e+06 8.3145e+05 6.3895e+05 4.7879e+05 3.5018e+05 2.5198e+05 1.7871e+05 1.2532e+05 87101 60098 41219 28126 19109 12933 8726.7 5868 3936.6 2640.6 1764.7 685.59 151.27 29.042
8.0325e+06 6.6486e+06 5.5432e+06 5.2527e+06 5.0063e+06 4.7732e+06 4.643e+06 4.2508e+06 3.9932e+06 3.8834e+06 3.7995e+06 3.6113e+06 3.3957e+06 3.2101e+06 3.1454e+06 3.0976e+06 3.0318e+06 2.8409e+06 2.6198e+06 2.36e+06 2.0858e+06 1.7599e+06 1.4245e+06 1.1098e+06 8.3567e+05 6.1427e+05 4.4238e+05 3.1361e+05 2.1967e+05 1.5241e+05 1.0494e+05 71813 48890 33140 22380 15069 10113 6772 4533.7 1754.5 387.66 73.525
1.3435e+07 1.1889e+07 1.0599e+07 1.0254e+07 9.9616e+06 9.6846e+06 9.5301e+06 9.0611e+06 8.7382e+06 8.5905e+06 8.467e+06 8.1537e+06 7.6945e+06 7.21e+06 7.0263e+06 6.8885e+06 6.6982e+06 6.1639e+06 5.6056e+06 5.0223e+06 4.4124e+06 3.7767e+06 3.1372e+06 2.513e+06 1.9516e+06 1.4703e+06 1.0796e+06 7.7661e+05 5.4976e+05 3.8437e+05 2.6613e+05 1.8284e+05 1.2483e+05 84792 57348 38647 25970 17395 11627 4523.2 994.64 187.43
1.8074e+07 1.6008e+07 1.4298e+07 1.385e+07 1.3478e+07 1.3137e+07 1.2955e+07 1.2464e+07 1.2222e+07 1.2149e+07 1.2108e+07 1.207e+07 1.2109e+07 1.2128e+07 1.2101e+07 1.2063e+07 1.1982e+07 1.1576e+07 1.0881e+07 9.9971e+06 8.964e+06 7.8354e+06 6.6782e+06 5.522e+06 4.421e+06 3.4275e+06 2.5796e+06 1.8925e+06 1.3598e+06 9.612e+05 6.7084e+05 4.6353e+05 3.1778e+05 2.1648e+05 1.4673e+05 99029 66602 44671 29879 11614 2550.5 479.38
2.223e+07 1.969e+07 1.7586e+07 1.7034e+07 1.6575e+07 1.6154e+07 1.5929e+07 1.532e+07 1.5017e+07 1.4925e+07 1.4874e+07 1.4838e+07 1.4975e+07 1.5287e+07 1.5435e+07 1.5553e+07 1.5722e+07 1.6175e+07 1.6456e+07 1.6352e+07 1.5732e+07 1.4603e+07 1.3075e+07 1.1298e+07 9.4265e+06 7.5954e+06 5.9164e+06 4.4682e+06 3.2855e+06 2.3633e+06 1.6707e+06 1.1652e+06 8.0414e+05 5.5042e+05 3.7431e+05 2.5324e+05 1.706e+05 1.1454e+05 76691 29782 6558.8 1228.2
2.6173e+07 2.3181e+07 2.0993e+07 2.0333e+07 1.9784e+07 1.928e+07 1.8748e+07 1.8027e+07 1.7665e+07 1.7554e+07 1.7491e+07 1.7439e+07 1.7583e+07 1.7927e+07 1.8096e+07 1.8236e+07 1.8446e+07 1.9131e+07 1.9966e+07 2.0866e+07 2.162e+07 2.1898e+07 2.1406e+07 2.0043e+07 1.7936e+07 1.5355e+07 1.2607e+07 9.9582e+06 7.5974e+06 5.6264e+06 4.0658e+06 2.8817e+06 2.0119e+06 1.3885e+06 9.4974e+05 6.4515e+05 4.3587e+05 2.9322e+05 1.9656e+05 76502 16849 3150.6
2.9536e+07 2.6158e+07 2.3359e+07 2.2625e+07 2.2013e+07 2.1452e+07 2.1151e+07 2.0334e+07 1.9923e+07 1.9795e+07 1.9722e+07 1.9659e+07 1.9812e+07 2.0188e+07 2.0373e+07 2.0526e+07 2.0756e+07 2.1504e+07 2.2433e+07 2.3545e+07 2.4835e+07 2.6227e+07 2.7485e+07 2.8178e+07 2.7841e+07 2.6229e+07 2.3464e+07 1.9948e+07 1.6182e+07 1.2592e+07 9.4579e+06 6.9013e+06 4.9216e+06 3.4486e+06 2.3842e+06 1.6317e+06 1.1081e+06 7.4811e+05 5.0275e+05 1.9637e+05 43281 8086.7
3.2296e+07 2.8601e+07 2.5538e+07 2.4734e+07 2.4064e+07 2.345e+07 2.312e+07 2.2224e+07 2.1772e+07 2.1631e+07 2.155e+07 2.1477e+07 2.1637e+07 2.2041e+07 2.224e+07 2.2405e+07 2.2652e+07 2.3459e+07 2.4458e+07 2.5652e+07 2.7045e+07 2.8638e+07 3.0421e+07 3.2319e+07 3.4073e+07 3.5166e+07 3.4965e+07 3.3066e+07 2.9566e+07 2.5006e+07 2.0104e+07 1.5472e+07 1.1486e+07 8.2885e+06 5.8517e+06 4.064e+06 2.7881e+06 1.8955e+06 1.2799e+06 5.0284e+05 1.1112e+05 20735
3.4496e+07 3.0548e+07 2.7275e+07 2.6416e+07 2.5699e+07 2.5042e+07 2.4689e+07 2.3731e+07 2.3245e+07 2.3093e+07 2.3006e+07 2.2924e+07 2.309e+07 2.3515e+07 2.3725e+07 2.3899e+07 2.4161e+07 2.5014e+07 2.6073e+07 2.7338e+07 2.8812e+07 3.0496e+07 3.2384e+07 3.447e+07 3.6737e+07 3.9107e+07 4.1308e+07 4.2751e+07 4.2645e+07 4.0423e+07 3.6134e+07 3.0456e+07 2.4333e+07 1.8578e+07 1.3675e+07 9.7869e+06 6.8564e+06 4.7292e+06 3.225e+06 1.2828e+06 2.8469e+05 53328
3.6216e+07 3.2069e+07 2.8631e+07 2.7729e+07 2.6976e+07 2.6285e+07 2.5914e+07 2.4906e+07 2.4394e+07 2.4234e+07 2.4141e+07 2.4052e+07 2.4222e+07 2.4663e+07 2.4882e+07 2.5063e+07 2.5335e+07 2.6225e+07 2.7329e+07 2.8651e+07 3.0192e+07 3.1951e+07 3.3924e+07 3.61e+07 3.8467e+07 4.1008e+07 4.3702e+07 4.6474e+07 4.9046e+07 5.0773e+07 5.0724e+07 4.816e+07 4.3065e+07 3.6232e+07 2.8835e+07 2.1898e+07 1.6022e+07 1.1396e+07 7.9381e+06 3.243e+06 7.2967e+05 1.3695e+05
3.7537e+07 3.3238e+07 2.9674e+07 2.8738e+07 2.7957e+07 2.724e+07 2.6855e+07 2.5809e+07 2.5277e+07 2.5109e+07 2.5013e+07 2.4918e+07 2.5091e+07 2.5543e+07 2.5769e+07 2.5955e+07 2.6236e+07 2.7152e+07 2.8292e+07 2.9655e+07 3.1247e+07 3.3066e+07 3.5105e+07 3.7356e+07 3.9803e+07 4.2428e+07 4.5211e+07 4.8134e+07 5.1173e+07 5.4259e+07 5.7119e+07 5.9068e+07 5.905e+07 5.6153e+07 5.0269e+07 4.2283e+07 3.3585e+07 2.5422e+07 1.8526e+07 8.0283e+06 1.8609e+06 3.5128e+05
