0.34155 0.34511 0.34211 0.34212 0.34214 0.34331 0.34194 0.34205 0.34155 0.34227 0.34234 0.34155 0.34155 0.34155 0.34155 0.34155 0.34155 0.34155 0.34155 0.34701 0.60891 0.41272 0.3472 0.3471 0.34712 0.34711 0.34714 0.34717 0.34722 0.34728 0.34737 0.34749 0.34764 0.34785 0.34814 0.34853 0.34905 0.34976 0.35074 0.35466 0.37237 0.45623
18.202 0.36068 0.34235 0.34213 0.34173 0.34221 0.34219 0.34178 0.34199 0.34205 0.3421 0.34226 0.34253 18.202 430.55 0.34319 18.202 18.202 18.202 0.34627 0.35554 0.56337 0.34723 0.34722 0.34712 0.34714 0.34714 0.34717 0.34722 0.34728 0.34737 0.34749 0.34764 0.34786 0.34814 0.34853 0.34905 0.34976 0.35072 0.35466 0.37236 0.45615
970.07 970.07 970.07 0.98467 2.2568 1.0279 0.7423 0.34192 0.34185 0.34178 0.34187 0.34205 0.34226 0.34252 970.07 0.34273 0.34288 970.07 970.07 0.3449 0.35444 0.43449 0.34725 0.34724 0.34723 0.34714 0.34716 0.34718 0.34722 0.34728 0.34737 0.34749 0.34764 0.34786 0.34814 0.34853 0.34905 0.34976 0.35073 0.35464 0.37229 0.45617
658.01 2.1121 0.9139 1.2079 2.9606 1.8011 1.3087 0.97236 1.0361 0.78294 0.80853 0.34222 0.34207 0.34226 0.34235 0.34241 0.34253 0.34988 658.01 0.34397 0.34485 0.35014 0.347 0.34726 0.34726 0.34725 0.34727 0.3472 0.34722 0.34728 0.34737 0.34749 0.34764 0.34785 0.34814 0.34853 0.34905 0.34976 0.35073 0.35465 0.3723 0.45617
638.91 19.932 6.8238 1.2545 4.4026 2.3009 1.5597 0.98977 1.038 1.1007 1.1753 0.98516 0.91038 0.34211 0.34217 0.34228 0.34229 126.82 4.6332 638.91 0.34395 0.63137 0.34601 0.34701 638.91 0.34728 0.34728 0.34731 0.34725 0.34729 0.34737 0.34749 0.34764 0.34785 0.34814 0.34853 0.34905 0.34976 0.35073 0.35464 0.3723 0.45606
1062.1 36.036 11.497 13.418 1.5905 3.5011 1.5228 1.1217 1.293 1.17 1.1885 1.3954 0.92881 0.41107 0.40682 0.40872 0.41406 0.34236 0.34257 0.34289 0.34332 8.0165 0.34476 0.34594 0.34702 0.34726 0.34731 0.34732 0.34736 0.34731 0.34738 0.34749 0.34764 0.34785 0.34814 0.34853 0.34905 0.34976 0.35073 0.35465 0.37232 0.4561
1849.8 1401 1114.6 1277.1 1496.8 21.588 6.6285 16.793 1.4545 1.2928 1.2047 1.2492 0.94159 0.43983 0.40616 0.40666 0.41284 0.34641 0.34232 0.34267 0.34294 67.227 0.34393 0.34474 0.34589 0.34704 0.34728 0.34735 0.34737 0.34742 0.3474 0.34749 0.34765 0.34786 0.34814 0.34853 0.34905 0.34976 0.35073 0.35465 0.37231 0.45608
1888 1594.3 1189.6 1195.9 1888 1290.6 1042.9 251.81 402.17 190.03 1.3187 1.8722 1.0208 0.49452 0.40488 0.40258 0.40696 0.35113 0.34744 0.34344 0.34275 0.34306 0.34342 0.34397 0.34475 0.34585 0.34708 0.34731 0.34741 0.34745 0.34752 0.34752 0.34765 0.34786 0.34815 0.34853 0.34905 0.34976 0.35073 0.35465 0.37232 0.45609
1927 1760.6 1221.8 1202.1 1300.9 1367.7 1264.3 322.08 398.24 441.84 347.1 184.79 1.9121 0.56824 2.0143 0.42841 0.40876 0.35911 0.34847 0.3436 0.34297 0.34306 0.34329 0.34358 0.34406 0.34479 0.34586 0.34714 0.34737 0.3475 0.34755 0.34764 0.34768 0.34787 0.34815 0.34854 0.34906 0.34976 0.35073 0.35465 0.37232 0.45612
2115.5 1859.2 1304.3 1246.5 1292.9 1396.8 1386.8 468.53 392.86 475.15 433.45 188.67 215.17 76.531 24.893 8.2554 0.43048 0.37839 0.54654 0.35145 0.34451 0.34385 0.34369 0.34366 0.34386 0.34425 0.34491 0.34591 0.34725 0.34747 0.34762 0.34769 0.34781 0.34791 0.34816 0.34854 0.34906 0.34976 0.35073 0.35465 0.37232 0.4561
2355.6 1921.9 1403.3 1337.3 1320.8 1414.7 1459 709.44 395.95 484.07 504.66 227.24 237.67 95.465 46.629 16.713 4.8491 2.5223 0.58759 0.36131 0.35 0.34736 0.34553 0.34482 0.34444 0.34439 0.34461 0.34515 0.34606 0.34743 0.34762 0.34779 0.34788 0.34805 0.34821 0.34857 0.34907 0.34977 0.35074 0.35465 0.37232 0.45612
2666.1 2066.8 1592.9 1456.9 1410 1452.2 1503.6 1034.7 441.66 487.36 542.09 300.25 250.11 108.63 72.933 33.913 8.5071 2.9067 0.65069 0.47883 0.39039 0.35832 0.35169 0.34887 0.34682 0.34582 0.34533 0.34526 0.34559 0.34636 0.34772 0.34787 0.34805 0.34816 0.34838 0.34863 0.34913 0.34979 0.35075 0.35465 0.37232 0.45611
3213.6 2398.5 1991 1678.6 1556.1 1518.4 1565.5 1378.1 572.43 511.16 559.95 405.18 250.35 123.17 96.292 59.285 17.58 3.3416 0.88113 0.58296 0.43378 0.38121 0.36792 0.35939 0.35423 0.35075 0.34826 0.34699 0.34642 0.34639 0.34692 0.34818 0.34826 0.34843 0.34857 0.34885 0.3492 0.34987 0.35079 0.35467 0.37233 0.45611
4287.2 3208.4 2804.8 2238 1869.7 1699 1677.9 1698.6 822.97 604.64 591.46 536.16 251.54 148.55 113.74 88.449 35.874 4.0865 1.4895 0.77865 0.53756 0.44183 0.40891 0.38745 0.37286 0.36372 0.3571 0.35282 0.34995 0.34845 0.3478 0.34791 0.34887 0.3489 0.34902 0.34915 0.34951 0.35 0.3509 0.3547 0.37234 0.45611
5734.7 5734.7 4323 3647.8 2794.1 2190.2 1998.2 1960.3 1240 817.05 687.11 650.62 269.62 189.14 138.43 112.72 65.356 6.4671 2.8081 1.1991 0.78108 0.59957 0.50802 0.45612 0.42088 0.39659 0.37963 0.36815 0.36042 0.3553 0.35201 0.35026 0.34963 0.35009 0.34992 0.34992 0.35002 0.35044 0.35112 0.35479 0.37235 0.45612
8291.4 8291.4 6910.1 6325.4 5042.6 3578.6 2959.4 2288.4 1801.5 1243.5 927.92 774.92 340.21 243.52 175.87 143.37 104.03 12.535 5.5074 2.256 1.4383 1.0021 0.76795 0.63038 0.54006 0.47924 0.4362 0.40722 0.38725 0.37355 0.36433 0.35829 0.35452 0.3526 0.35219 0.3516 0.35131 0.35131 0.3518 0.35501 0.3724 0.45614
12594 11411 12594 11322 9918.8 7474.1 5875.8 3084.3 2512.1 1986.8 1485.8 980.63 498.55 323.83 253.57 203.82 154.6 27.89 11.652 5.2106 3.1777 2.0763 1.455 1.0789 0.83723 0.68396 0.57879 0.50465 0.45474 0.42005 0.39613 0.37985 0.36895 0.36191 0.35768 0.35578 0.35434 0.35352 0.35328 0.35561 0.37252 0.45618
19427 18495 17376 16672 19427 16482 13708 5823 3843.2 3251.8 2547.3 1467.1 813.28 486.03 397.94 325.7 247.07 72.389 26.776 13.363 7.9499 4.9242 3.2601 2.2269 1.6092 1.2028 0.9349 0.74875 0.6222 0.53598 0.47607 0.43472 0.40636 0.38718 0.37445 0.36641 0.36188 0.35886 0.35706 0.35717 0.37284 0.45618
28857 29595 28848 28428 28857 34039 30807 14410 7544.5 5930.4 4866.7 2649.9 1503.7 846.97 712.19 599.47 461.41 185.32 67.187 35.591 21.245 12.774 8.1227 5.27 3.613 2.5361 1.8392 1.3647 1.0436 0.82407 0.67474 0.57144 0.50029 0.45142 0.41814 0.39575 0.38111 0.37215 0.36635 0.36093 0.37366 0.45636
38197 42245 51571 65979 67003 64963 62309 37435 18070 13143 10383 6006.8 3148.3 1722.8 38197 1227.4 956.72 452.96 182.01 95.88 54.639 33.067 20.836 13.354 8.8511 5.989 4.1685 2.9403 2.1134 1.5537 1.1735 0.91211 0.73372 0.61143 0.52766 0.47044 0.43166 0.4059 0.38943 0.37052 0.37578 0.45674
40437 92957 1.0318e+05 1.0623e+05 1.0949e+05 1.1005e+05 1.0967e+05 83780 46154 36246 31279 16784 7051.1 3605.1 2987.5 2574.6 2035.3 1031.5 467.61 248.81 141.37 85.169 52.901 34.053 22.37 14.944 10.142 6.9803 4.8511 3.4152 2.4287 1.773 1.3198 1.0108 0.80012 0.6564 0.55844 0.49201 0.44743 0.3945 0.3813 0.45773
42809 61611 74658 77574 82464 84358 1.5837e+05 42809 1.5477e+05 1.1158e+05 83262 41175 17378 8031.9 6485.7 5566.7 4499.9 2368.2 1208.1 626.11 359.72 221.08 136.54 87.489 57.217 37.977 25.558 17.359 11.872 8.1901 5.6824 3.9583 2.8119 2.0226 1.486 1.1216 0.87431 0.70661 0.59311 0.45418 0.39506 0.46023
1824.7 1.0348e+05 1.5922e+05 1.7408e+05 1.8607e+05 1.9736e+05 2.033e+05 1.9801e+05 1.513e+05 1.1947e+05 94953 1824.7 48404 21689 16847 14248 11351 5906.5 3048.5 1628.5 930 561.86 347.69 223.34 146.53 97.035 65.133 44.066 29.955 20.431 14.011 9.6284 6.6245 4.6139 3.2368 2.3035 1.6718 1.245 0.95699 0.60014 0.4299 0.46673
2169.6 3321.9 4097.1 4400.6 4908.1 2.7339e+05 3.3143e+05 4.7899e+05 4.6054e+05 4.0517e+05 3.4397e+05 1.9322e+05 81422 38701 31642 27715 23528 13732 7263.9 3948.8 2286 1382.3 871.46 562.81 371.54 247.17 166.18 112.46 76.395 51.947 35.368 24.154 16.493 11.257 7.7331 5.3332 3.7105 2.6152 1.8778 0.96536 0.51689 0.48329
3031.6 4228.5 5486 6013.2 6743.1 8206.5 9049.4 12962 17697 20484 23116 4.6961e+05 2.8077e+05 1.3142e+05 99843 82524 64804 34643 18556 10055 5776.8 3507.4 2214.8 1430.9 946.92 633.21 425.09 287.81 195.47 132.92 90.372 61.408 41.806 28.414 19.236 13.129 8.9522 6.134 4.2361 1.8899 0.73226 0.52547
5069 7059.7 10118 11389 12851 14722 16293 24086 33585 39404 44086 57831 78510 96125 96757 96605 93426 67664 43042 24848 14455 8844.4 5580.5 3627.1 2402.6 1609.1 1085.8 736.19 500.44 340.55 231.61 157.31 106.7 72.451 49.075 33.076 22.445 15.19 10.302 4.2581 1.2652 0.63091
12735 17108 25684 30037 34696 40807 45379 68242 95765 1.1265e+05 1.2862e+05 1.7575e+05 2.4369e+05 2.6692e+05 2.6145e+05 2.5161e+05 2.3369e+05 1.6164e+05 96253 55620 33051 20587 13329 8822.8 5935.5 4023.4 2738.5 1866.4 1274.1 869.41 592.54 402.93 273.51 185.24 125.5 84.778 56.909 38.496 25.92 10.351 2.6184 0.89478
7.0756e+06 7.3366e+05 3.9007e+05 3.7285e+05 3.9552e+05 4.1117e+05 4.4466e+05 5.6387e+05 6.948e+05 7.8474e+05 8.5329e+05 1.0017e+06 1.0884e+06 8.9582e+05 7.813e+05 6.9499e+05 5.7789e+05 3.4121e+05 2.009e+05 1.2168e+05 75874 48867 32349 21798 14797 10211 7040.7 4749.9 3250.1 2223 1517.1 1033.3 701.69 475.78 321.41 217.26 146.41 98.015 66.102 26.045 6.0951 1.5613
2.7927e+06 2.6786e+06 2.5114e+06 2.4497e+06 2.3898e+06 2.3227e+06 2.2933e+06 2.2088e+06 2.1611e+06 2.1458e+06 2.1172e+06 2.016e+06 1.7181e+06 1.2829e+06 1.1217e+06 1.0049e+06 8.5738e+05 5.4275e+05 3.4418e+05 2.2633e+05 1.514e+05 1.0431e+05 74057 51706 35941 25007 17361 11974 8256.3 5661.2 3874.8 2643.6 1799.1 1220.1 825.52 556.64 375.44 252.5 168.66 66.409 15.047 3.2712
4.8013e+05 4.2625e+05 3.6136e+05 3.3943e+05 3.1919e+05 2.9908e+05 2.8784e+05 3.7558e+05 3.7314e+05 3.7942e+05 3.8743e+05 4.2559e+05 4.922e+05 5.4749e+05 5.5719e+05 5.597e+05 5.5846e+05 5.2261e+05 4.4721e+05 3.776e+05 2.7752e+05 2.115e+05 1.5836e+05 1.1655e+05 84240 60205 42528 29787 20714 14320 9848.8 6742.3 4597.7 3123.6 2116 1428.4 961.9 647.62 434.38 170.13 38.076 7.6249
1.7891e+06 1.5852e+06 1.3289e+06 1.24e+06 1.1572e+06 1.074e+06 1.026e+06 8.8346e+05 8.005e+05 7.7089e+05 7.5113e+05 7.1877e+05 7.0227e+05 6.933e+05 6.8692e+05 6.8008e+05 6.6821e+05 6.2574e+05 5.7361e+05 5.165e+05 4.6828e+05 4.0113e+05 3.2808e+05 2.5703e+05 1.9448e+05 1.4345e+05 1.0366e+05 73751 51861 36130 24984 17172 11742 7994 5421.6 3665.6 2469.7 1660.1 1115.4 435.07 97.243 18.824
4.5688e+06 4.1946e+06 3.6676e+06 3.4709e+06 3.2806e+06 3.0819e+06 2.964e+06 2.5902e+06 2.3489e+06 2.3144e+06 2.175e+06 2.0174e+06 1.8106e+06 1.6982e+06 1.6438e+06 1.603e+06 1.5467e+06 1.394e+06 1.2496e+06 1.1148e+06 9.8248e+05 8.4424e+05 7.0874e+05 5.7284e+05 4.4832e+05 3.4004e+05 2.5121e+05 1.8172e+05 1.2933e+05 90892 63249 43668 29956 20441 13887 9397.9 6340.7 4263.4 2860 1121.3 249.21 47.569
6.244e+06 5.8163e+06 5.2431e+06 5.0297e+06 4.8216e+06 4.6009e+06 4.4682e+06 4.0401e+06 3.757e+06 3.6428e+06 3.5599e+06 3.3907e+06 3.226e+06 3.0918e+06 3.0417e+06 3.0029e+06 2.947e+06 2.7729e+06 2.5598e+06 2.3368e+06 2.086e+06 1.8072e+06 1.5379e+06 1.2728e+06 1.022e+06 7.9556e+05 6.0148e+05 4.4339e+05 3.2015e+05 2.2741e+05 1.5949e+05 1.1073e+05 76268 52194 35532 24082 16262 10949 7349.7 2878.8 638.75 121.3
7.7014e+06 7.176e+06 6.4723e+06 6.2104e+06 5.9551e+06 5.6843e+06 5.5214e+06 4.9968e+06 4.6521e+06 4.5148e+06 4.4169e+06 4.2275e+06 4.084e+06 4.0377e+06 4.037e+06 4.0402e+06 4.0476e+06 4.0666e+06 4.0416e+06 3.9291e+06 3.7135e+06 3.4052e+06 3.0291e+06 2.6122e+06 2.1821e+06 1.7641e+06 1.3798e+06 1.047e+06 7.7354e+05 5.5915e+05 3.972e+05 2.7835e+05 1.93e+05 1.3271e+05 90645 61583 41655 28073 18865 7382 1642.3 310.42
9.0805e+06 8.4615e+06 7.7417e+06 7.4289e+06 7.124e+06 6.8005e+06 6.513e+06 5.8947e+06 5.4881e+06 5.326e+06 5.2102e+06 4.9854e+06 4.8131e+06 4.7565e+06 4.7573e+06 4.7641e+06 4.781e+06 4.8668e+06 4.9978e+06 5.1456e+06 5.254e+06 5.2479e+06 5.0699e+06 4.7074e+06 4.1935e+06 3.5861e+06 2.9485e+06 2.3361e+06 1.7895e+06 1.3312e+06 9.6655e+05 6.8832e+05 4.8283e+05 3.3474e+05 2.2998e+05 1.5688e+05 1.0642e+05 71865 48349 18962 4218.6 795.98
1.0257e+07 9.5574e+06 8.6221e+06 8.274e+06 7.9346e+06 7.5747e+06 7.3582e+06 6.6602e+06 6.201e+06 6.0178e+06 5.8869e+06 5.6325e+06 5.4368e+06 5.3707e+06 5.3706e+06 5.3774e+06 5.3949e+06 5.4867e+06 5.6346e+06 5.8341e+06 6.0806e+06 6.3542e+06 6.5972e+06 6.709e+06 6.5867e+06 6.1802e+06 5.5201e+06 4.6965e+06 3.8191e+06 2.9826e+06 2.2496e+06 1.6489e+06 1.1813e+06 8.3146e+05 5.7736e+05 3.968e+05 2.7056e+05 1.8336e+05 1.2366e+05 48674 10837 2042.7
1.1221e+07 1.0456e+07 9.4331e+06 9.0525e+06 8.6812e+06 8.2876e+06 8.0509e+06 7.2875e+06 6.7851e+06 6.5846e+06 6.4414e+06 6.1628e+06 5.9479e+06 5.8747e+06 5.8741e+06 5.881e+06 5.8998e+06 5.9979e+06 6.1562e+06 6.3694e+06 6.6354e+06 6.955e+06 7.3266e+06 7.7325e+06 8.1121e+06 8.3428e+06 8.2773e+06 7.8231e+06 7.0015e+06 5.9354e+06 4.7877e+06 3.6991e+06 2.7579e+06 1.9987e+06 1.4172e+06 9.8832e+05 6.8076e+05 4.6457e+05 3.1482e+05 1.2464e+05 27822 5237.5
1.199e+07 1.1173e+07 1.008e+07 9.6729e+06 9.2763e+06 8.8557e+06 8.6028e+06 7.7872e+06 7.2503e+06 7.0361e+06 6.8829e+06 6.585e+06 6.3549e+06 6.2759e+06 6.2749e+06 6.2821e+06 6.3017e+06 6.4053e+06 6.5729e+06 6.7984e+06 7.0795e+06 7.4164e+06 7.8092e+06 8.2579e+06 8.7603e+06 9.2987e+06 9.8086e+06 1.0149e+07 1.0132e+07 9.6203e+06 8.6215e+06 7.2903e+06 5.8466e+06 4.4818e+06 3.3126e+06 2.3804e+06 1.6742e+06 1.1591e+06 7.9329e+05 3.1795e+05 71279 13470
1.259e+07 1.1732e+07 1.0584e+07 1.0157e+07 9.7408e+06 9.2991e+06 9.0336e+06 8.1772e+06 7.6133e+06 7.3883e+06 7.2274e+06 6.9144e+06 6.6723e+06 6.5886e+06 6.5873e+06 6.5946e+06 6.6149e+06 6.7227e+06 6.8976e+06 7.1329e+06 7.4265e+06 7.7784e+06 8.1882e+06 8.6556e+06 9.1794e+06 9.7573e+06 1.0385e+07 1.1045e+07 1.167e+07 1.2104e+07 1.2123e+07 1.1545e+07 1.0358e+07 8.7468e+06 6.9876e+06 5.3272e+06 3.9127e+06 2.7935e+06 1.9527e+06 8.0384e+05 1.8269e+05 34591
1.3052e+07 1.2162e+07 1.0972e+07 1.0529e+07 1.0098e+07 9.6398e+06 9.3645e+06 8.4768e+06 7.8921e+06 7.6588e+06 7.492e+06 7.1672e+06 6.9158e+06 6.8286e+06 6.827e+06 6.8344e+06 6.8551e+06 6.9661e+06 7.1464e+06 7.3893e+06 7.6925e+06 8.056e+06 8.4794e+06 8.9624e+06 9.5035e+06 1.01e+07 1.0747e+07 1.1443e+07 1.218e+07 1.2942e+07 1.3661e+07 1.4172e+07 1.4216e+07 1.3566e+07 1.2189e+07 1.029e+07 8.2038e+06 6.2322e+06 4.5576e+06 1.99e+06 4.6591e+05 88726
