0.34207 0.34209 0.34213 0.34215 0.34217 0.34208 0.34225 0.3423 0.34207 0.34246 0.34252 0.34207 0.34207 0.34207 0.34207 0.34207 0.34207 0.34207 0.34207 0.34705 0.34741 0.35006 0.34723 0.34713 0.34714 0.34714 0.34716 0.34719 0.34724 0.3473 0.34739 0.34751 0.34766 0.34787 0.34816 0.34855 0.34907 0.34978 0.35076 0.35468 0.3724 0.45627
0.43486 0.35122 0.34258 0.34255 0.34217 0.34252 0.34251 0.34238 0.34251 0.34252 0.34254 0.34262 0.3428 0.43486 18.584 0.36272 0.43486 0.43486 0.43486 0.34633 0.34706 0.44194 0.34726 0.34725 0.34715 0.34716 0.34716 0.34719 0.34724 0.3473 0.34739 0.34751 0.34766 0.34788 0.34816 0.34855 0.34907 0.34978 0.35075 0.35468 0.37239 0.4562
0.55281 0.55281 0.55281 0.39423 0.35856 0.35546 0.35339 0.34329 0.34315 0.34297 0.34297 0.34295 0.34292 0.34301 0.55281 0.40788 0.3651 0.55281 0.55281 0.34504 0.34628 0.50085 0.34731 0.34729 0.34727 0.34717 0.34719 0.3472 0.34724 0.34731 0.34739 0.34751 0.34766 0.34788 0.34816 0.34855 0.34907 0.34978 0.35075 0.35466 0.37231 0.45622
1.1809 0.51019 0.33594 0.34628 0.35492 0.40567 0.40551 0.36237 0.3502 0.34567 0.34394 0.34452 0.34376 0.34349 0.34343 0.34341 0.34341 0.34349 1.1809 0.34429 0.34508 0.36526 0.34712 0.34735 0.34732 0.34731 0.34731 0.34723 0.34725 0.34731 0.34739 0.34751 0.34766 0.34788 0.34816 0.34855 0.34907 0.34978 0.35075 0.35467 0.37233 0.45621
1.9586 0.64072 0.35375 0.35164 0.37218 0.38181 0.36399 0.34702 0.39692 0.44843 0.45299 0.34579 0.3455 0.34523 0.34493 0.3448 0.34452 7.0841 1.557 1.9586 0.3445 0.3508 0.34629 0.34721 1.9586 0.34738 0.34736 0.34737 0.34729 0.34733 0.3474 0.34751 0.34767 0.34788 0.34816 0.34855 0.34907 0.34978 0.35075 0.35467 0.37233 0.45611
0.50811 0.97856 0.36527 0.37138 0.41379 0.42772 0.34607 0.32866 0.39042 0.4205 0.43566 0.34464 0.35136 0.34864 0.34776 0.34738 0.34736 0.34638 0.3454 0.34487 0.34471 1.8992 0.34545 0.34642 0.34736 0.3475 0.34748 0.34744 0.34745 0.34738 0.34743 0.34753 0.34768 0.34788 0.34817 0.34856 0.34908 0.34978 0.35075 0.35467 0.37234 0.45614
0.60379 0.61425 0.56517 0.59811 0.88244 0.64904 0.60411 0.46664 0.42453 0.42561 0.44558 0.34566 0.35971 0.36099 0.35867 0.35722 0.35544 0.35167 0.34943 0.34772 0.34647 13.352 0.34565 0.34594 0.34673 0.34763 0.34769 0.34764 0.34757 0.34757 0.34751 0.34757 0.34771 0.3479 0.34818 0.34856 0.34908 0.34978 0.35075 0.35467 0.37234 0.45613
1.1134 1.1472 0.73739 0.81389 1.1134 1.2586 1.5253 0.78475 0.90811 0.5883 0.51151 0.40853 0.38346 0.38526 0.3805 0.37729 0.37288 0.36759 0.36013 0.35524 0.35172 0.34934 0.34779 0.347 0.34685 0.34732 0.3481 0.34802 0.3479 0.34778 0.34775 0.34768 0.34777 0.34793 0.34821 0.34858 0.34909 0.34979 0.35076 0.35467 0.37234 0.45614
2.053 2.9023 1.4736 1.2206 1.114 1.6245 2.0261 1.3588 1.1206 1.1911 1.0508 0.65514 0.49178 0.4514 0.44339 0.43029 0.43214 0.40456 0.38937 0.37531 0.3656 0.359 0.35443 0.3513 0.34941 0.34849 0.34842 0.34891 0.34859 0.34833 0.34811 0.34803 0.34795 0.34807 0.34826 0.34865 0.34917 0.34981 0.35077 0.35468 0.37235 0.45617
5.0739 7.428 4.1358 2.9743 2.5668 2.7214 3.3641 3.097 1.9531 1.8611 1.8252 1.0734 0.89371 0.74686 0.64922 0.60405 0.56404 0.51005 0.45946 0.42822 0.40231 0.3844 0.372 0.36333 0.35751 0.35366 0.3514 0.35038 0.35033 0.34957 0.34904 0.34865 0.34848 0.34836 0.34847 0.34877 0.34917 0.34992 0.35094 0.35469 0.37235 0.45614
12.407 17.738 14.767 9.448 7.223 5.9618 6.1606 7.251 4.608 3.6643 3.3828 2.2531 1.6643 1.3189 1.1758 1.0642 0.94421 0.77238 0.6528 0.56024 0.49743 0.45049 0.41761 0.39501 0.3792 0.36842 0.36114 0.3565 0.35386 0.35278 0.35126 0.35025 0.34954 0.34917 0.34897 0.34906 0.3494 0.35005 0.35094 0.35477 0.37236 0.45617
31.162 38.305 60.416 40.022 26.506 18.947 16.46 18.058 11.063 9.131 7.7884 5.6377 3.8256 2.8635 2.5719 2.3089 1.9689 1.4843 1.135 0.9079 0.73564 0.62041 0.53523 0.47671 0.43539 0.40702 0.3875 0.37419 0.36541 0.35992 0.357 0.35415 0.35229 0.35101 0.3503 0.34991 0.35001 0.35038 0.35119 0.35508 0.37238 0.45616
110.85 77.206 210.59 164.23 120.39 81.228 65.594 49.052 33.069 25.755 22.213 14.827 9.8672 6.9471 6.1021 5.4771 4.869 3.3866 2.4769 1.8043 1.3599 1.0514 0.84017 0.68585 0.58026 0.5068 0.45556 0.42064 0.39687 0.38085 0.37043 0.36425 0.3591 0.35573 0.35346 0.35213 0.35139 0.35133 0.35178 0.35508 0.37253 0.45617
229.72 168.12 502 581.25 488.87 347.72 279.71 154.07 102.34 84.003 68.927 43.169 28.32 18.763 16.146 14.67 12.418 8.5279 5.9963 4.1852 2.9993 2.1797 1.6293 1.2256 0.95093 0.76179 0.63098 0.54067 0.47826 0.43612 0.40754 0.38857 0.37659 0.36757 0.36154 0.35754 0.35511 0.35373 0.35334 0.35583 0.37276 0.45619
407.11 407.11 898.2 1262.7 1382.9 1165.7 980.67 504.09 337.86 271.83 222.53 137.02 83.316 53.578 45.194 40.112 34.166 22.581 15.438 10.509 7.281 5.118 3.6394 2.6122 1.9054 1.4146 1.0784 0.84672 0.68746 0.5784 0.50376 0.45345 0.41972 0.39775 0.38199 0.37142 0.36435 0.36001 0.35748 0.35726 0.37373 0.45626
710.59 710.59 1308.8 2049 2769.8 2991.6 2545.5 1634.2 1018.6 843.45 637.67 410.16 239.68 151.17 129.01 112.45 95.367 60.104 40.646 27.033 18.427 12.694 8.8343 6.1705 4.3511 3.0932 2.2227 1.629 1.2207 0.94106 0.75024 0.62041 0.53215 0.47304 0.43393 0.40656 0.3881 0.37581 0.36809 0.36127 0.37371 0.4564
1202.4 1046.8 1202.4 2901.8 4304.3 5964.2 6104 4090.4 2628.3 2365.7 1910 1273.8 704.05 431.58 358.57 313.36 261.82 163.83 107.3 70.732 47.523 32.368 22.242 15.376 10.642 7.402 5.1714 3.6333 2.5866 1.8688 1.379 1.0459 0.82002 0.66714 0.56403 0.49556 0.44826 0.41631 0.3951 0.37161 0.37614 0.45734
1927.3 1804.1 2550.2 3621.3 1927.3 9271.2 11023 10089 6389.2 5249.2 4310 3070.7 1823.4 1190.2 981.28 859.18 715.02 444.27 284.88 189.93 123.92 83.687 57.046 39.093 26.868 18.494 12.748 8.8029 6.0892 4.2498 2.9908 2.1348 1.5546 1.1622 0.89729 0.71919 0.60031 0.51895 0.464 0.39826 0.38154 0.45824
2825.7 2838 3930.9 5332.9 2825.7 13794 17377 21428 15645 13044 11149 7089.9 4608.5 3043.3 2630.1 2300.4 1917.8 1178.3 743.4 485.69 321.67 216.49 146.92 100.37 68.544 47.038 32.232 22.082 15.127 10.358 7.1318 4.93 3.4377 2.4284 1.7482 1.2903 0.98325 0.77813 0.63867 0.46618 0.39633 0.46198
3632.7 4197.8 6345.6 9842.7 13949 21028 26742 42582 35506 29701 25733 17393 11423 7580.8 3632.7 5834.4 4915.1 3091.7 1952.5 1261.3 833.02 558.41 378.28 258.09 176.04 120.24 82.325 56.223 38.341 26.111 17.796 12.115 8.2747 5.6789 3.9289 2.7519 1.9618 1.4329 1.08 0.63922 0.4333 0.46765
4938.8 8568 11101 13475 18760 29630 39984 82130 72175 66737 68331 47936 27330 17054 15058 13614 11702 7364.7 4816.1 3165.8 2111.6 1422.2 965.96 660.02 450.97 308.37 210.52 143.82 97.907 66.574 44.964 30.59 20.712 14.035 9.5317 6.5029 4.4701 3.1085 2.199 1.0798 0.52996 0.48484
6714.4 9390.2 13122 16048 21505 32342 46964 6714.4 1.8093e+05 1.7449e+05 1.5882e+05 1.1055e+05 63335 37866 32862 29856 26063 17144 11575 7743.9 5260.1 3596.6 2456.2 1683.5 1153.4 789.59 539.93 368.18 250.45 170.4 115.51 77.776 52.694 35.523 23.939 16.144 10.913 7.4084 5.0664 2.2031 0.77566 0.53004
10141 18329 25044 28671 34371 45135 56038 1.3884e+05 2.3578e+05 2.5884e+05 2.5848e+05 10141 1.5009e+05 90514 77344 69585 60743 41378 28431 19397 13206 9049.1 6222.1 4283.4 2945.5 2020.9 1383.6 944.62 642.99 436.36 296.06 200.13 134.52 90.765 60.982 40.937 27.476 18.459 12.43 5.051 1.4054 0.63977
19313 28635 39714 44337 49176 65055 73755 1.4469e+05 2.6993e+05 3.3356e+05 3.7014e+05 3.7239e+05 2.6613e+05 1.7281e+05 1.493e+05 1.3591e+05 1.2346e+05 89929 63463 44891 31693 22222 15509 10784 7465.8 5146.8 3534.7 2418.4 1649 1120 758.32 513.23 346.08 232.32 156.18 104.66 70.053 46.861 31.352 12.361 3.0259 0.93624
39606 57489 79143 87561 96266 1.0617e+05 1.1256e+05 1.3638e+05 1.6813e+05 1.8729e+05 2.0475e+05 3.9832e+05 4.3597e+05 3.4837e+05 3.1362e+05 2.9031e+05 2.6227e+05 2.0253e+05 1.5216e+05 1.1015e+05 78430 55495 39044 27273 18992 13185 9033.1 6192.1 4226.8 2874.9 1947.7 1315.4 888.08 597.45 399.38 268.4 179.46 119.85 79.972 31.13 7.1952 1.6939
89128 1.2269e+05 1.6513e+05 1.8156e+05 1.9831e+05 2.1749e+05 2.2988e+05 2.7652e+05 3.1621e+05 3.3545e+05 3.5106e+05 3.8922e+05 4.2892e+05 4.3886e+05 4.3045e+05 4.2224e+05 4.089e+05 3.5952e+05 3.1879e+05 2.5173e+05 1.8689e+05 1.3582e+05 97075 68552 48006 33368 23050 15836 10828 7373.3 5001 3379.2 2276.7 1533.5 1029.3 686.65 460.53 307.34 204.86 79.312 17.798 3.6626
2.3236e+05 2.9468e+05 3.7624e+05 4.073e+05 4.3893e+05 4.7473e+05 4.9781e+05 5.8437e+05 6.5821e+05 6.9396e+05 7.2272e+05 7.8948e+05 8.6675e+05 8.8633e+05 8.7993e+05 8.7132e+05 8.5423e+05 7.7845e+05 6.6993e+05 5.4707e+05 4.2715e+05 3.2178e+05 2.3597e+05 1.6945e+05 1.2008e+05 84149 58455 40320 27647 18862 12815 8668.8 5846.2 3930.3 2641.6 1769.6 1177.4 788.9 525.59 202.97 44.901 8.7686
7.4874e+05 8.492e+05 9.8783e+05 1.0404e+06 1.0939e+06 1.1541e+06 1.1927e+06 1.3364e+06 1.4578e+06 1.5166e+06 1.5639e+06 1.674e+06 1.7873e+06 1.8359e+06 1.8336e+06 1.8246e+06 1.8024e+06 1.6881e+06 1.4964e+06 1.2599e+06 1.0112e+06 7.7919e+05 5.8124e+05 4.2248e+05 3.0202e+05 2.1297e+05 1.4861e+05 1.0283e+05 70673 48297 32847 22252 15012 10105 6774.2 4543.5 3037.7 2017.5 1349.6 520.5 114.31 21.948
2.96e+06 2.9916e+06 3.0947e+06 3.1415e+06 3.1912e+06 3.2504e+06 3.2891e+06 3.4305e+06 3.5537e+06 3.6135e+06 3.6614e+06 3.7718e+06 3.8767e+06 3.8993e+06 3.8815e+06 3.8583e+06 3.8123e+06 3.5989e+06 3.2603e+06 2.8227e+06 2.3333e+06 1.847e+06 1.4098e+06 1.0429e+06 7.5333e+05 5.3578e+05 3.7615e+05 2.6143e+05 1.8025e+05 1.2346e+05 84110 57037 38536 25941 17418 11652 7799.8 5205.6 3451.6 1335.9 292.2 55.786
1.1743e+07 1.1121e+07 1.0572e+07 1.0405e+07 1.0252e+07 1.0097e+07 1.0006e+07 1.0514e+07 1.0536e+07 1.0645e+07 1.0765e+07 1.1515e+07 1.3925e+07 1.117e+07 9.7691e+06 9.0358e+06 8.37e+06 7.6745e+06 7.0022e+06 6.1777e+06 5.2438e+06 4.2685e+06 3.3399e+06 2.5253e+06 1.8542e+06 1.335e+06 9.4555e+05 6.6135e+05 4.5806e+05 3.148e+05 2.1497e+05 1.4603e+05 98767 66551 44711 29938 20004 13366 8900.2 3430.6 748.46 141.29
2.6833e+07 2.6339e+07 2.5835e+07 2.5635e+07 2.542e+07 2.516e+07 2.4982e+07 2.4231e+07 2.3481e+07 2.3075e+07 2.2724e+07 2.1788e+07 2.0463e+07 1.9143e+07 1.8662e+07 1.8305e+07 1.7813e+07 1.6426e+07 1.492e+07 1.3259e+07 1.1491e+07 9.594e+06 7.7124e+06 5.9802e+06 4.4843e+06 3.2829e+06 2.3542e+06 1.6615e+06 1.1583e+06 7.9976e+05 5.4801e+05 3.7319e+05 2.5286e+05 1.706e+05 1.147e+05 76900 51396 34284 22868 8781.2 1919.6 359.75
3.9618e+07 3.9203e+07 3.9183e+07 3.9255e+07 3.9359e+07 3.9503e+07 3.9607e+07 4.0049e+07 4.042e+07 4.057e+07 4.0663e+07 4.0701e+07 4.0116e+07 3.871e+07 3.8013e+07 3.7441e+07 3.6595e+07 3.397e+07 3.0992e+07 2.7754e+07 2.4305e+07 2.0715e+07 1.7111e+07 1.3631e+07 1.0528e+07 7.8888e+06 5.7617e+06 4.1225e+06 2.9028e+06 2.0189e+06 1.3907e+06 9.5061e+05 6.4584e+05 4.3661e+05 2.9396e+05 1.9724e+05 1.32e+05 88070 58650 22640 4926.6 918.94
5.3036e+07 5.2439e+07 5.2358e+07 5.2435e+07 5.2557e+07 5.2738e+07 5.2878e+07 5.3545e+07 5.4313e+07 5.4767e+07 5.5182e+07 5.6381e+07 5.8242e+07 5.9925e+07 6.0363e+07 6.0593e+07 6.075e+07 6.0095e+07 5.7565e+07 5.3652e+07 4.8502e+07 4.2563e+07 3.6237e+07 2.9873e+07 2.3818e+07 1.8379e+07 1.3763e+07 1.0045e+07 7.1798e+06 5.0486e+06 3.5054e+06 2.4099e+06 1.644e+06 1.1147e+06 7.521e+05 5.0542e+05 3.3853e+05 2.2617e+05 1.5072e+05 58130 12635 2352.1
6.5132e+07 6.4371e+07 6.4232e+07 6.4312e+07 6.4444e+07 6.4646e+07 6.4803e+07 6.5566e+07 6.6446e+07 6.697e+07 6.7452e+07 6.8876e+07 7.1322e+07 7.4352e+07 7.5596e+07 7.6559e+07 7.7912e+07 8.1606e+07 8.4507e+07 8.5373e+07 8.3268e+07 7.8027e+07 7.0216e+07 6.0756e+07 5.0615e+07 4.0652e+07 3.1533e+07 2.3702e+07 1.7341e+07 1.241e+07 8.7287e+06 6.0574e+06 4.16e+06 2.8341e+06 1.9186e+06 1.2924e+06 8.6713e+05 5.799e+05 3.8686e+05 1.4907e+05 32492 6027.7
7.6612e+07 7.5689e+07 7.6535e+07 7.6615e+07 7.6757e+07 7.698e+07 7.6112e+07 7.6966e+07 7.796e+07 7.8551e+07 7.9095e+07 8.0704e+07 8.3462e+07 8.6874e+07 8.8289e+07 8.9399e+07 9.0999e+07 9.5886e+07 1.015e+08 1.0744e+08 1.1261e+08 1.1519e+08 1.1348e+08 1.0677e+08 9.5733e+07 8.1904e+07 6.7073e+07 5.2778e+07 4.0084e+07 2.9541e+07 2.1241e+07 1.498e+07 1.0408e+07 7.1492e+06 4.8681e+06 3.2926e+06 2.2154e+06 1.4846e+06 9.9154e+05 3.8292e+05 83469 15464
8.6407e+07 8.5343e+07 8.5094e+07 8.5174e+07 8.5323e+07 8.5562e+07 8.5751e+07 8.6679e+07 8.7768e+07 8.8417e+07 8.9015e+07 9.0785e+07 9.3824e+07 9.7588e+07 9.9147e+07 1.0037e+08 1.0213e+08 1.075e+08 1.1373e+08 1.2084e+08 1.2877e+08 1.3711e+08 1.446e+08 1.4894e+08 1.4758e+08 1.3918e+08 1.244e+08 1.055e+08 8.5273e+07 6.6071e+07 4.9394e+07 3.5869e+07 2.5458e+07 1.7755e+07 1.222e+07 8.3274e+06 5.6322e+06 3.7877e+06 2.5361e+06 9.8292e+05 2.1442e+05 39695
9.4445e+07 9.3263e+07 9.2967e+07 9.3045e+07 9.3199e+07 9.3449e+07 9.3648e+07 9.4636e+07 9.5798e+07 9.6494e+07 9.7134e+07 9.9033e+07 1.023e+08 1.0635e+08 1.0804e+08 1.0935e+08 1.1125e+08 1.1705e+08 1.2377e+08 1.3143e+08 1.4e+08 1.4946e+08 1.5971e+08 1.7034e+08 1.7997e+08 1.8587e+08 1.8471e+08 1.7438e+08 1.555e+08 1.3105e+08 1.0492e+08 8.0383e+07 5.9401e+07 4.2669e+07 2.9991e+07 2.074e+07 1.4171e+07 9.5965e+06 6.4562e+06 2.5169e+06 5.505e+05 1.0178e+05
1.0086e+08 9.9579e+07 9.9243e+07 9.932e+07 9.9476e+07 9.9734e+07 9.9941e+07 1.0097e+08 1.0219e+08 1.0292e+08 1.0359e+08 1.0559e+08 1.0904e+08 1.1332e+08 1.1509e+08 1.1649e+08 1.185e+08 1.2464e+08 1.3176e+08 1.3988e+08 1.4897e+08 1.5899e+08 1.6986e+08 1.8152e+08 1.9385e+08 2.0643e+08 2.1784e+08 2.2501e+08 2.2386e+08 2.1151e+08 1.8837e+08 1.5812e+08 1.2579e+08 9.5617e+07 7.0078e+07 4.9941e+07 3.4846e+07 2.3943e+07 1.6268e+07 6.4207e+06 1.4104e+06 2.6177e+05
1.0586e+08 1.0451e+08 1.0414e+08 1.0422e+08 1.0438e+08 1.0464e+08 1.0485e+08 1.0592e+08 1.0718e+08 1.0793e+08 1.0863e+08 1.107e+08 1.1428e+08 1.1873e+08 1.2058e+08 1.2204e+08 1.2413e+08 1.3053e+08 1.3797e+08 1.4645e+08 1.5596e+08 1.6644e+08 1.7782e+08 1.9e+08 2.0288e+08 2.1638e+08 2.3036e+08 2.4447e+08 2.5726e+08 2.6541e+08 2.6416e+08 2.4982e+08 2.2248e+08 1.864e+08 1.4772e+08 1.1172e+08 8.142e+07 5.7694e+07 4.0041e+07 1.6233e+07 3.6149e+06 6.7226e+05
1.0972e+08 1.083e+08 1.0791e+08 1.0798e+08 1.0814e+08 1.0841e+08 1.0862e+08 1.0971e+08 1.11e+08 1.1178e+08 1.125e+08 1.1463e+08 1.183e+08 1.2288e+08 1.2479e+08 1.2628e+08 1.2844e+08 1.3504e+08 1.4271e+08 1.5147e+08 1.613e+08 1.7214e+08 1.8391e+08 1.9652e+08 2.0985e+08 2.238e+08 2.3827e+08 2.5316e+08 2.6837e+08 2.8356e+08 2.9736e+08 3.0626e+08 3.049e+08 2.8875e+08 2.5745e+08 2.1568e+08 1.7065e+08 1.2869e+08 9.3442e+07 4.0184e+07 9.2188e+06 1.7244e+06
