0.34178 0.34185 0.34194 0.34197 0.34201 0.34193 0.34206 0.34218 0.34178 0.34237 0.34244 0.34178 0.34178 0.34178 0.34178 0.34178 0.34178 0.34178 0.34178 0.34704 0.34759 0.35175 0.34723 0.34713 0.34714 0.34713 0.34716 0.34719 0.34724 0.3473 0.34739 0.3475 0.34766 0.34787 0.34816 0.34855 0.34907 0.34978 0.35076 0.35468 0.3724 0.45627
1.5813 0.4047 0.34209 0.3421 0.34174 0.34213 0.34214 0.34208 0.34226 0.3423 0.34233 0.34245 0.34268 1.5813 34.258 0.39663 1.5813 1.5813 1.5813 0.34631 0.34704 0.45967 0.34725 0.34724 0.34714 0.34716 0.34716 0.34719 0.34724 0.3473 0.34739 0.3475 0.34766 0.34787 0.34816 0.34855 0.34907 0.34978 0.35074 0.35468 0.37239 0.45619
7.3166 7.3166 7.3166 0.46743 0.43588 0.40706 0.38934 0.34252 0.34251 0.34239 0.34244 0.34253 0.34262 0.34279 7.3166 0.34297 0.38572 7.3166 7.3166 0.34498 0.34624 0.5167 0.3473 0.34727 0.34726 0.34716 0.34719 0.3472 0.34724 0.3473 0.34739 0.3475 0.34766 0.34787 0.34816 0.34855 0.34907 0.34977 0.35075 0.35466 0.37231 0.45621
5.952 1.4668 0.45861 0.42768 0.43095 0.46285 0.4416 0.43253 0.42993 0.39724 0.34466 0.34343 0.34297 0.34293 0.34294 0.34296 0.36801 0.34322 5.952 0.34416 0.34498 0.36505 0.34708 0.34732 0.3473 0.34729 0.3473 0.34723 0.34725 0.34731 0.34739 0.34751 0.34766 0.34787 0.34816 0.34855 0.34907 0.34978 0.35075 0.35467 0.37233 0.45621
5.2564 2.8697 0.54731 0.44642 0.43414 0.43059 0.40445 0.40562 0.41596 0.36897 0.37271 0.34426 0.34517 0.3438 0.34368 0.34366 0.34351 9.8547 1.6664 5.2564 0.34426 0.35187 0.34617 0.34712 5.2564 0.34734 0.34733 0.34735 0.34728 0.34732 0.3474 0.34751 0.34766 0.34788 0.34816 0.34855 0.34907 0.34978 0.35075 0.35466 0.37233 0.45611
0.46084 6.071 0.50273 0.47425 0.477 0.50356 0.37708 0.35182 0.37158 0.35285 0.35141 0.33988 0.34828 0.34516 0.34467 0.34457 0.34487 0.34458 0.34414 0.34399 0.3441 2.3487 0.34515 0.34622 0.34721 0.34741 0.34741 0.3474 0.34742 0.34736 0.34741 0.34752 0.34767 0.34788 0.34816 0.34855 0.34907 0.34978 0.35075 0.35467 0.37234 0.45614
3.089 1.0825 1.0879 1.5401 2.6619 0.62682 0.54703 0.50495 0.41077 0.37152 0.36117 0.33294 0.34919 0.35208 0.35075 0.35002 0.34911 0.34718 0.34624 0.34548 0.34491 18.823 0.3449 0.34542 0.34636 0.34737 0.34752 0.34752 0.34749 0.34751 0.34747 0.34754 0.34768 0.34789 0.34817 0.34856 0.34908 0.34978 0.35075 0.35467 0.37234 0.45613
2.7226 1.4303 1.7896 1.5791 2.7226 3.9155 4.2183 1.1828 1.8447 0.70829 0.40533 0.39683 0.35729 0.36397 0.36126 0.35969 0.35742 0.35614 0.35208 0.34956 0.34774 0.34656 0.34586 0.34567 0.34593 0.34668 0.34765 0.34771 0.34769 0.34764 0.34765 0.34762 0.34773 0.34791 0.34818 0.34857 0.34908 0.34978 0.35075 0.35467 0.37234 0.45613
2.3996 2.6462 2.3139 2.0886 2.6236 4.0444 4.9228 2.1504 2.0819 2.4477 1.939 0.82756 0.43941 0.43049 0.41201 0.39393 0.38999 0.37582 0.36986 0.36092 0.35552 0.35194 0.34951 0.34789 0.34705 0.34687 0.3473 0.34814 0.34806 0.34797 0.34787 0.34787 0.34784 0.34798 0.34823 0.34862 0.34912 0.3498 0.35076 0.35467 0.37234 0.45617
5.6619 5.3397 4.4639 4.0631 3.7438 5.0241 6.1608 4.1369 2.71 3.1906 2.9794 1.2751 1.0433 0.7518 0.60541 0.53003 0.48513 0.44524 0.40839 0.39316 0.37664 0.36647 0.35949 0.35465 0.35149 0.34952 0.34855 0.34843 0.34899 0.34865 0.34843 0.34824 0.34819 0.34817 0.34835 0.34868 0.34916 0.34984 0.35083 0.35468 0.37235 0.45614
13.873 12.208 12.339 10.082 8.4401 8.7604 9.9664 9.109 4.9358 4.911 5.26 2.4492 1.6915 1.2101 1.0574 0.86845 0.74352 0.61587 0.53309 0.47303 0.4351 0.40589 0.38586 0.3729 0.36389 0.35785 0.35387 0.35152 0.35044 0.35044 0.34967 0.34918 0.34883 0.34869 0.34865 0.34886 0.34928 0.34991 0.35083 0.35473 0.37235 0.45616
34.724 30.327 51.253 46.362 41.985 33.2 30.784 23.963 13.255 10.356 10.138 6.0591 3.6076 2.2751 2.0364 1.7931 1.4678 1.1296 0.84256 0.70161 0.58108 0.5149 0.45612 0.42149 0.39652 0.38017 0.369 0.36151 0.35673 0.35399 0.35295 0.35141 0.35045 0.34978 0.34947 0.34936 0.34962 0.35011 0.35101 0.35486 0.37236 0.45616
107.26 72.897 184.23 214.09 182.14 198.35 119.14 70.253 40.547 28.73 25.76 15.647 8.7011 5.4868 4.6951 4.3763 3.4274 2.441 1.6542 1.239 0.95726 0.76689 0.63774 0.54547 0.48254 0.43907 0.40868 0.38846 0.37483 0.36581 0.36018 0.35725 0.35439 0.35256 0.35134 0.35071 0.35045 0.35071 0.35134 0.35498 0.37246 0.45616
237.05 173.99 382.88 515.58 519.49 426.86 358.63 191.09 89.99 86.327 68.552 40.088 22.958 13.962 11.5 10.35 8.7701 5.6576 3.8168 2.669 1.9369 1.4394 1.1084 0.8649 0.7016 0.58953 0.5123 0.45914 0.42246 0.39797 0.38155 0.37088 0.36454 0.35946 0.35612 0.35392 0.35269 0.35212 0.35232 0.35529 0.37261 0.45617
431.3 431.3 661.45 967.32 1146.9 1068 931.5 548.09 299.84 276.52 182.8 104.71 61.174 36.744 30.482 26.844 23.896 14.298 9.5526 6.4405 4.476 3.1771 2.2899 1.6826 1.2667 0.97524 0.77681 0.6401 0.54612 0.4819 0.43805 0.40874 0.38934 0.3771 0.3681 0.36211 0.35816 0.35586 0.35472 0.35617 0.37298 0.45623
762.6 762.6 1034.8 1509.6 2035.4 2380.9 1893.2 1328 761.29 631.92 453.23 285.37 166.59 106.27 82.743 73.083 61.622 37.97 24.995 16.47 11.176 7.7174 5.4046 3.7915 2.7195 1.9696 1.4551 1.104 0.86254 0.69707 0.58421 0.50753 0.45558 0.42107 0.39864 0.38282 0.37222 0.36523 0.36108 0.35856 0.37296 0.45632
1317.3 1103.7 1317.3 2205.4 3172.1 4592.5 4548.9 3213.5 2032.6 1752.1 1295 843.67 472.36 286.36 234.74 202.6 168.58 102.76 66.757 42.776 28.676 19.572 13.349 9.2494 6.4522 4.5248 3.2035 2.2933 1.6738 1.2486 0.95827 0.76073 0.62706 0.53619 0.47542 0.43547 0.40784 0.38927 0.37709 0.36469 0.3743 0.45697
2060.5 1838.3 2033.8 2675.9 2060.5 6689.5 7866.5 7386.2 4600.5 3745.7 3000.2 2037.7 1186.1 784.18 647.24 557.82 460.17 281.36 176.02 113.12 74.969 50.275 34.087 23.33 16.072 11.105 7.6967 5.3607 3.7538 2.6642 1.9176 1.4096 1.0653 0.83155 0.67406 0.56845 0.49834 0.45035 0.41812 0.38062 0.378 0.4576
2900.6 2758.4 2951.4 3592.3 2900.6 8905.6 11434 14745 10844 8896.9 7367.8 4665.3 2963.5 1964.7 1702.9 1481.4 1219.7 739.91 459.31 295.05 194.05 129.28 87.414 59.548 40.726 28.01 19.24 13.235 9.1191 6.2943 4.3818 3.0751 2.1887 1.5879 1.1828 0.90997 0.72719 0.60523 0.52254 0.42106 0.38672 0.4596
3379.4 3515.7 4626.7 6789.9 8307.6 11512 14525 24806 21909 18787 16291 11031 7134.8 4705.8 3379.4 3626.9 3047.4 1915.2 1194.2 758.95 499.55 333.45 224.7 152.69 104.35 71.302 48.894 33.467 22.892 15.653 10.726 7.3548 5.0738 3.5295 2.487 1.785 1.3135 0.99751 0.78708 0.52498 0.40927 0.46295
3851 7682.5 8270.1 9190.2 10509 13743 17083 35158 39290 37795 37496 27250 16076 9967.3 8736.5 7891.7 6779.1 4340 2867.1 1882.7 1252.5 843.81 572.04 390.02 266.96 182.61 124.81 85.399 58.245 39.696 26.889 18.36 12.492 8.5194 5.8368 4.0303 2.8164 2.0025 1.4585 0.78972 0.46662 0.47313
4388.5 6063.1 7806.3 8860.5 10928 14193 21057 4388.5 73302 72442 68223 52348 33131 20749 18139 16528 14504 9740.6 6717.8 4545.9 3099.4 2126.1 1451.4 993.77 681.91 467.34 319.91 218.43 148.8 101.41 68.87 46.475 31.57 21.352 14.451 9.8008 6.6763 4.5813 3.1796 1.4652 0.61424 0.49931
5031.8 11844 15820 17330 19594 23478 27029 54136 89054 99988 1.0285e+05 5031.8 79418 50648 43822 39683 34836 23833 16499 11318 7740.4 5328.6 3668.6 2526 1739.2 1195.2 819.32 560.05 381.74 259.46 176.32 119.4 80.396 54.356 36.606 24.645 16.602 11.209 7.5998 3.1774 0.99404 0.56601
10355 14253 20071 22106 24736 37680 42275 72358 1.2115e+05 1.4704e+05 1.633e+05 1.722e+05 1.358e+05 96033 86601 83528 84965 54729 38683 27124 18990 13243 9216.1 6393.7 4422.4 3049.8 2095.5 1434.9 979.47 666.1 451.6 306.08 206.7 138.97 93.574 62.815 42.132 28.254 18.964 7.5733 1.9704 0.74309
20797 28478 39453 43774 48345 53602 57099 70619 89228 1.0057e+05 1.1104e+05 2.1309e+05 2.3817e+05 1.9828e+05 1.8124e+05 1.7001e+05 1.5678e+05 1.2474e+05 91075 65010 46244 32766 23051 16121 11223 7780.8 5351.4 3672.2 2509.7 1709.2 1159.6 784.27 530.24 357.19 239.11 160.92 107.75 72.074 48.178 18.868 4.4821 1.1986
44049 60059 81607 90164 99054 1.0944e+05 1.1628e+05 1.4287e+05 1.665e+05 1.7824e+05 1.8792e+05 2.124e+05 2.4099e+05 2.5247e+05 2.4838e+05 2.4411e+05 2.3705e+05 2.0975e+05 1.8904e+05 1.5009e+05 1.1094e+05 80504 57415 40531 28390 19745 13653 9389.9 6428 4383.1 2977 2014.4 1359.1 916.64 616.09 411.53 276.36 184.66 123.25 47.884 10.876 2.3833
1.0938e+05 1.4233e+05 1.8449e+05 2.0117e+05 2.1843e+05 2.3831e+05 2.5136e+05 3.0163e+05 3.4626e+05 3.6842e+05 3.8654e+05 4.2998e+05 4.8388e+05 5.0336e+05 5.0175e+05 4.9817e+05 4.9001e+05 4.4997e+05 3.8945e+05 3.1938e+05 2.5019e+05 1.8887e+05 1.3877e+05 99803 70833 49710 34581 23889 16405 11209 7626.9 5166.9 3489.4 2349.1 1581 1060.4 706.39 473.87 316.07 122.38 27.238 5.4632
3.5048e+05 4.0692e+05 4.8406e+05 5.1401e+05 5.4493e+05 5.8034e+05 6.0337e+05 6.9132e+05 7.6834e+05 8.0647e+05 8.3768e+05 9.1216e+05 9.9395e+05 1.0382e+06 1.0412e+06 1.0394e+06 1.0308e+06 9.7733e+05 8.7049e+05 7.3583e+05 5.923e+05 4.5742e+05 3.4183e+05 2.4885e+05 1.7816e+05 1.2581e+05 87920 60926 41936 28702 19549 13263 8960.3 6039.7 4054.1 2722.5 1822.4 1211.7 811.43 313.7 69.173 13.431
1.399e+06 1.4448e+06 1.5332e+06 1.5705e+06 1.6085e+06 1.652e+06 1.6808e+06 1.7922e+06 1.8889e+06 1.9364e+06 1.975e+06 2.0662e+06 2.1625e+06 2.2068e+06 2.2065e+06 2.1999e+06 2.1819e+06 2.0771e+06 1.8934e+06 1.6469e+06 1.3662e+06 1.084e+06 8.2987e+05 6.147e+05 4.4458e+05 3.166e+05 2.2258e+05 1.5492e+05 1.0697e+05 73377 50061 33997 23001 15505 10424 6982 4679.2 3126.4 2075.2 805.03 176.67 33.913
5.7798e+06 5.6187e+06 5.47e+06 5.4239e+06 5.3814e+06 5.3382e+06 5.3131e+06 5.8312e+06 5.91e+06 5.9944e+06 6.0769e+06 6.4444e+06 7.2754e+06 7.9382e+06 7.7679e+06 7.4361e+06 6.822e+06 5.2357e+06 4.3782e+06 3.7589e+06 3.1284e+06 2.5303e+06 1.9749e+06 1.4923e+06 1.0959e+06 7.8968e+05 5.5988e+05 3.9208e+05 2.7192e+05 1.8713e+05 1.2797e+05 87050 58956 39778 26759 17940 12001 8027.6 5350.9 2067.1 452.39 85.701
1.5982e+07 1.5649e+07 1.5241e+07 1.508e+07 1.4911e+07 1.4714e+07 1.4584e+07 1.4064e+07 1.358e+07 1.3327e+07 1.3113e+07 1.2557e+07 1.1796e+07 1.1056e+07 1.0789e+07 1.059e+07 1.0317e+07 9.5422e+06 8.6937e+06 7.7462e+06 6.7396e+06 5.6398e+06 4.5411e+06 3.5257e+06 2.647e+06 1.9403e+06 1.3933e+06 9.8465e+05 6.8743e+05 4.7534e+05 3.2618e+05 2.2244e+05 1.5093e+05 1.0197e+05 68644 46079 30833 20590 13749 5291.1 1160.1 218.04
2.4006e+07 2.3896e+07 2.3942e+07 2.399e+07 2.405e+07 2.4128e+07 2.4181e+07 2.4384e+07 2.4522e+07 2.4558e+07 2.4564e+07 2.4447e+07 2.3897e+07 2.2897e+07 2.2438e+07 2.2071e+07 2.1538e+07 1.9936e+07 1.8168e+07 1.6272e+07 1.426e+07 1.2166e+07 1.0063e+07 8.027e+06 6.2089e+06 4.6594e+06 3.4083e+06 2.4424e+06 1.7224e+06 1.1998e+06 8.2765e+05 5.6658e+05 3.8548e+05 2.6095e+05 1.7592e+05 1.1819e+05 79186 52892 35260 13641 2977.3 556.8
3.2187e+07 3.202e+07 3.2059e+07 3.2116e+07 3.2193e+07 3.2301e+07 3.238e+07 3.2747e+07 3.3163e+07 3.3407e+07 3.3629e+07 3.427e+07 3.5243e+07 3.6068e+07 3.6254e+07 3.6334e+07 3.6351e+07 3.5761e+07 3.411e+07 3.1671e+07 2.8572e+07 2.5053e+07 2.1335e+07 1.7603e+07 1.4051e+07 1.0857e+07 8.1418e+06 5.9512e+06 4.2602e+06 3.0002e+06 2.0862e+06 1.4364e+06 9.8127e+05 6.6624e+05 4.501e+05 3.0285e+05 2.0308e+05 1.3583e+05 90614 35026 7635.4 1425
3.955e+07 3.9331e+07 3.9358e+07 3.9421e+07 3.9507e+07 3.9627e+07 3.9717e+07 4.0139e+07 4.0616e+07 4.0899e+07 4.1158e+07 4.1928e+07 4.3255e+07 4.4912e+07 4.5594e+07 4.6123e+07 4.6866e+07 4.8877e+07 5.0398e+07 5.0711e+07 4.93e+07 4.6097e+07 4.1437e+07 3.5849e+07 2.9882e+07 2.4024e+07 1.8658e+07 1.4044e+07 1.029e+07 7.3754e+06 5.1951e+06 3.6104e+06 2.483e+06 1.6939e+06 1.1482e+06 7.7441e+05 5.2019e+05 3.4827e+05 2.3258e+05 89819 19636 3651.7
4.6538e+07 4.6266e+07 4.6924e+07 4.6992e+07 4.7086e+07 4.722e+07 4.6677e+07 4.715e+07 4.769e+07 4.8009e+07 4.8302e+07 4.9171e+07 5.0665e+07 5.2528e+07 5.3305e+07 5.3916e+07 5.48e+07 5.7518e+07 6.0666e+07 6.4013e+07 6.6906e+07 6.8286e+07 6.7159e+07 6.3132e+07 5.6593e+07 4.844e+07 3.9704e+07 3.128e+07 2.3789e+07 1.7557e+07 1.2642e+07 8.9288e+06 6.2124e+06 4.273e+06 2.9134e+06 1.9729e+06 1.329e+06 8.9158e+05 5.9611e+05 2.3072e+05 50442 9368.6
5.25e+07 5.2182e+07 5.2185e+07 5.2256e+07 5.2356e+07 5.2501e+07 5.261e+07 5.3126e+07 5.3718e+07 5.4068e+07 5.439e+07 5.5347e+07 5.6993e+07 5.9047e+07 5.9903e+07 6.0576e+07 6.1548e+07 6.453e+07 6.8026e+07 7.2055e+07 7.6589e+07 8.1392e+07 8.5723e+07 8.8216e+07 8.7378e+07 8.2409e+07 7.3695e+07 6.2556e+07 5.0621e+07 3.9273e+07 2.9401e+07 2.138e+07 1.5196e+07 1.0612e+07 7.3134e+06 4.9898e+06 3.3788e+06 2.2748e+06 1.5247e+06 5.9225e+05 1.2958e+05 24048
5.7391e+07 5.7035e+07 5.7027e+07 5.7099e+07 5.7204e+07 5.7357e+07 5.7472e+07 5.8021e+07 5.8654e+07 5.903e+07 5.9375e+07 6.0402e+07 6.2172e+07 6.4385e+07 6.5307e+07 6.6032e+07 6.7081e+07 7.0299e+07 7.4068e+07 7.8402e+07 8.3302e+07 8.8759e+07 9.4725e+07 1.0095e+08 1.0664e+08 1.1015e+08 1.0951e+08 1.0346e+08 9.2347e+07 7.7917e+07 6.2462e+07 4.7918e+07 3.5458e+07 2.5504e+07 1.7949e+07 1.2427e+07 8.5011e+06 5.7634e+06 3.8815e+06 1.5165e+06 3.3268e+05 61662
6.1293e+07 6.0905e+07 6.0886e+07 6.096e+07 6.1068e+07 6.1226e+07 6.1346e+07 6.1921e+07 6.2584e+07 6.298e+07 6.3343e+07 6.4423e+07 6.629e+07 6.8626e+07 6.96e+07 7.0368e+07 7.1477e+07 7.4884e+07 7.8878e+07 8.3474e+07 8.8667e+07 9.4443e+07 1.0077e+08 1.076e+08 1.1488e+08 1.2236e+08 1.292e+08 1.3356e+08 1.33e+08 1.258e+08 1.1217e+08 9.4273e+07 7.5092e+07 5.7155e+07 4.1941e+07 2.9926e+07 2.0905e+07 1.438e+07 9.7802e+06 3.8687e+06 8.5232e+05 1.5858e+05
6.4341e+07 6.3927e+07 6.39e+07 6.3974e+07 6.4084e+07 6.4246e+07 6.437e+07 6.4964e+07 6.565e+07 6.606e+07 6.6437e+07 6.7558e+07 6.9498e+07 7.1927e+07 7.2942e+07 7.3741e+07 7.4896e+07 7.8448e+07 8.2617e+07 8.7418e+07 9.2848e+07 9.8889e+07 1.055e+08 1.1264e+08 1.2025e+08 1.2827e+08 1.3664e+08 1.4512e+08 1.5287e+08 1.5789e+08 1.5734e+08 1.4897e+08 1.3283e+08 1.1143e+08 8.8417e+07 6.695e+07 4.8846e+07 3.465e+07 2.4073e+07 9.7807e+06 2.1845e+06 4.0726e+05
6.6685e+07 6.6251e+07 6.6216e+07 6.629e+07 6.6402e+07 6.6567e+07 6.6693e+07 6.7301e+07 6.8004e+07 6.8425e+07 6.8812e+07 6.9963e+07 7.1957e+07 7.4456e+07 7.5501e+07 7.6324e+07 7.7514e+07 8.1176e+07 8.5477e+07 9.0433e+07 9.6044e+07 1.0229e+08 1.0913e+08 1.1652e+08 1.2439e+08 1.3269e+08 1.4134e+08 1.5029e+08 1.5948e+08 1.687e+08 1.7712e+08 1.8265e+08 1.8207e+08 1.7263e+08 1.541e+08 1.2925e+08 1.0238e+08 7.7288e+07 5.6179e+07 2.4212e+07 5.5711e+06 1.0446e+06
